352	3246	1	0.266612
352	4701	2	0.194576
352	3618	3	0.179237
352	2267	4	0.164925
352	3866	5	0.147192
352	1174	6	0.144567
352	3053	7	0.140646
352	3710	8	0.138853
352	4818	9	0.136027
352	1674	10	0.131477
352	1087	11	0.131388
352	5179	12	0.128570
352	2280	13	0.121242
352	2002	14	0.115592
352	4687	15	0.114578
352	2560	16	0.114385
352	91	17	0.113446
352	2046	18	0.113430
352	417	19	0.109335
352	5027	20	0.104921
352	2931	21	0.103307
352	2093	22	0.101163
352	1563	23	0.100676
352	4606	24	0.098089
352	3387	25	0.097488
352	437	26	0.095880
352	2005	27	0.093769
352	910	28	0.093385
352	2052	29	0.092289
352	4033	30	0.091170
352	3261	31	0.089206
352	1768	32	0.089176
352	3345	33	0.089082
352	3673	34	0.088426
352	2154	35	0.088290
352	4821	36	0.088090
352	3478	37	0.087975
352	2095	38	0.087701
352	39	39	0.087418
352	967	40	0.087361
352	519	41	0.087292
352	2803	42	0.086750
352	1582	43	0.085694
352	4247	44	0.084965
352	3772	45	0.084343
352	2832	46	0.084150
352	3393	47	0.082721
352	5072	48	0.082517
352	1384	49	0.082092
352	2300	50	0.080236
352	3922	51	0.080109
352	3432	52	0.079986
352	3708	53	0.079699
352	2622	54	0.079142
352	1436	55	0.078869
352	3132	56	0.078728
352	3059	57	0.078253
352	3651	58	0.078196
352	4914	59	0.078104
352	2014	60	0.077686
352	1462	61	0.077290
352	1194	62	0.077178
352	3370	63	0.076753
352	5022	64	0.076124
352	3923	65	0.076105
352	4421	66	0.076003
352	1857	67	0.076003
352	3605	68	0.075917
352	4337	69	0.075782
352	1888	70	0.075770
352	4561	71	0.075600
352	4812	72	0.075339
352	834	73	0.075007
352	2635	74	0.075007
352	279	75	0.074007
352	2874	76	0.073988
352	4948	77	0.073215
352	4031	78	0.073083
352	705	79	0.072859
352	2767	80	0.072690
352	951	81	0.072646
352	552	82	0.072543
352	4814	83	0.072390
352	3700	84	0.071831
352	3561	85	0.071411
352	2934	86	0.071121
352	2756	87	0.070920
352	2831	88	0.070139
352	2634	89	0.070023
352	3106	90	0.069872
352	2510	91	0.069463
352	4665	92	0.069160
352	4345	93	0.068819
352	2549	94	0.068630
352	5319	95	0.068493
352	4339	96	0.068490
352	5189	97	0.068462
352	2751	98	0.068276
352	1488	99	0.068230
352	2054	100	0.068030
352	2289	101	0.067818
352	4641	102	0.067162
352	1031	103	0.067157
352	5153	104	0.066927
352	328	105	0.066858
352	4309	106	0.066846
352	535	107	0.066846
352	3535	108	0.066830
352	2584	109	0.066646
352	63	110	0.066633
352	540	111	0.066604
352	3503	112	0.066498
352	3220	113	0.066358
352	4783	114	0.066305
352	2018	115	0.066118
352	4769	116	0.065879
352	3933	117	0.065713
352	2581	118	0.065668
352	2192	119	0.065507
352	3079	120	0.065264
352	721	121	0.065192
352	4762	122	0.064854
352	2948	123	0.064266
352	4792	124	0.064260
352	4438	125	0.064139
352	2306	126	0.064044
352	3818	127	0.063863
352	635	128	0.063859
352	1668	129	0.063665
352	977	130	0.063584
352	2882	131	0.063444
352	2138	132	0.063154
352	3149	133	0.063047
352	4447	134	0.062990
352	2222	135	0.062828
352	2573	136	0.062774
352	2176	137	0.062702
352	404	138	0.062460
352	4227	139	0.062446
352	3534	140	0.062365
352	3540	141	0.062180
352	1062	142	0.062135
352	3641	143	0.061915
352	4784	144	0.061881
352	5200	145	0.061844
352	FT911-2621	146	0.061793
352	1243	147	0.061708
352	4741	148	0.061531
352	5098	149	0.061354
352	3153	150	0.061136
352	4896	151	0.060818
352	2451	152	0.060744
352	2779	153	0.060643
352	4125	154	0.060611
352	3052	155	0.060551
352	1619	156	0.060069
352	2530	157	0.059854
352	2919	158	0.059796
352	4348	159	0.059764
352	2599	160	0.059594
352	3215	161	0.059517
352	4074	162	0.059252
352	851	163	0.059250
352	1576	164	0.059243
352	2828	165	0.059216
352	680	166	0.059211
352	3775	167	0.059190
352	3681	168	0.059174
352	2281	169	0.059156
352	2407	170	0.059127
352	4381	171	0.059055
352	5019	172	0.059043
352	413	173	0.058942
352	2514	174	0.058883
352	650	175	0.058844
352	4649	176	0.058749
352	506	177	0.058749
352	2929	178	0.058687
352	4479	179	0.058659
352	4767	180	0.058534
352	4786	181	0.058499
352	2580	182	0.058365
352	3947	183	0.058270
352	783	184	0.058181
352	555	185	0.057826
352	259	186	0.057802
352	3858	187	0.057727
352	341	188	0.057648
352	4293	189	0.057549
352	1856	190	0.057539
352	3133	191	0.057377
352	900	192	0.057153
352	1066	193	0.056750
352	3936	194	0.056575
352	1901	195	0.056307
352	3091	196	0.056269
352	338	197	0.056214
352	3194	198	0.056139
352	4588	199	0.055927
352	5186	200	0.055538
352	331	201	0.055373
352	1407	202	0.055236
352	4321	203	0.055164
352	5085	204	0.055138
352	1512	205	0.055136
352	4748	206	0.055016
352	916	207	0.054828
352	4095	208	0.054702
352	1362	209	0.054697
352	2876	210	0.054692
352	510	211	0.054623
352	4591	212	0.054435
352	4067	213	0.054410
352	4727	214	0.054379
352	5238	215	0.054340
352	3050	216	0.054276
352	4362	217	0.054157
352	2968	218	0.054130
352	2740	219	0.054047
352	3157	220	0.053695
352	3191	221	0.053471
352	2453	222	0.053350
352	4986	223	0.053198
352	1102	224	0.053158
352	3259	225	0.052895
352	794	226	0.052768
352	4270	227	0.052716
352	460	228	0.052708
352	4816	229	0.052513
352	1595	230	0.052221
352	3786	231	0.052181
352	586	232	0.051904
352	2332	233	0.051516
352	565	234	0.051437
352	3630	235	0.051427
352	137	236	0.051174
352	1760	237	0.051150
352	5096	238	0.050932
352	1222	239	0.050529
352	659	240	0.050496
352	3662	241	0.050419
352	2201	242	0.050148
352	3491	243	0.049934
352	399	244	0.049927
352	4668	245	0.049906
352	3278	246	0.049768
352	4044	247	0.049644
352	3688	248	0.049379
352	3522	249	0.048849
352	3241	250	0.048844
352	2290	251	0.048684
352	4050	252	0.048662
352	1986	253	0.048584
352	4772	254	0.048569
352	3853	255	0.048424
352	3635	256	0.048249
352	3910	257	0.048226
352	2468	258	0.048214
352	2461	259	0.048137
352	125	260	0.048044
352	4066	261	0.047940
352	1360	262	0.047927
352	2763	263	0.047803
352	3867	264	0.047799
352	306	265	0.047665
352	4040	266	0.047637
352	3632	267	0.047437
352	4164	268	0.047255
352	335	269	0.047151
352	3493	270	0.046897
352	3767	271	0.046620
352	2835	272	0.046521
352	2457	273	0.046472
352	131	274	0.046293
352	3886	275	0.046222
352	1666	276	0.046098
352	3135	277	0.046063
352	4799	278	0.045969
352	2718	279	0.045488
352	4636	280	0.045461
352	440	281	0.045388
352	2699	282	0.044800
352	857	283	0.044733
352	1651	284	0.044651
352	3414	285	0.044438
352	4372	286	0.044386
352	908	287	0.044238
352	4043	288	0.044165
352	3905	289	0.044147
352	2279	290	0.044036
352	1065	291	0.044030
352	4059	292	0.043990
352	3713	293	0.043862
352	1828	294	0.043838
352	4608	295	0.043777
352	156	296	0.043723
352	429	297	0.043689
352	1930	298	0.043661
352	3170	299	0.043529
352	4569	300	0.043486
352	2116	301	0.043466
352	3783	302	0.043462
352	352	303	0.043380
352	3745	304	0.043335
352	3521	305	0.043287
352	4798	306	0.043094
352	1578	307	0.043056
352	530	308	0.043054
352	3494	309	0.043045
352	3349	310	0.042904
352	1122	311	0.042808
352	4595	312	0.042713
352	3104	313	0.042575
352	1297	314	0.042444
352	3753	315	0.042433
352	2569	316	0.042300
352	3358	317	0.042297
352	2652	318	0.042263
352	FT911-1	319	0.042217
352	3254	320	0.042087
352	3645	321	0.041957
352	1529	322	0.041902
352	5063	323	0.041768
352	563	324	0.041727
352	1918	325	0.041654
352	21	326	0.041385
352	4642	327	0.041164
352	3265	328	0.041144
352	2383	329	0.040888
352	1260	330	0.040813
352	105	331	0.040744
352	2693	332	0.040667
352	3975	333	0.040539
352	4009	334	0.040529
352	625	335	0.040462
352	2484	336	0.040436
352	4579	337	0.040431
352	746	338	0.040427
352	3312	339	0.040389
352	5058	340	0.040337
352	281	341	0.040242
352	1067	342	0.040157
352	801	343	0.040106
352	3269	344	0.040102
352	3339	345	0.040010
352	2853	346	0.039976
352	1766	347	0.039851
352	4980	348	0.039603
352	2292	349	0.039495
352	2388	350	0.039329
352	1089	351	0.039282
352	5332	352	0.039281
352	804	353	0.039216
352	2405	354	0.039209
352	1689	355	0.039199
352	870	356	0.039005
352	982	357	0.038974
352	1872	358	0.038814
352	5281	359	0.038788
352	4970	360	0.038779
352	3718	361	0.038768
352	5356	362	0.038687
352	1921	363	0.038557
352	3727	364	0.038471
352	3410	365	0.038418
352	2991	366	0.038382
352	5269	367	0.038362
352	5353	368	0.038345
352	842	369	0.038339
352	791	370	0.038210
352	4620	371	0.038003
352	787	372	0.037933
352	664	373	0.037888
352	3785	374	0.037805
352	4386	375	0.037784
352	902	376	0.037625
352	2107	377	0.037572
352	3006	378	0.037514
352	2395	379	0.037514
352	2180	380	0.037411
352	1845	381	0.037389
352	3638	382	0.037333
352	2672	383	0.037235
352	1261	384	0.037023
352	251	385	0.037019
352	3929	386	0.036974
352	1712	387	0.036910
352	4958	388	0.036819
352	133	389	0.036747
352	3438	390	0.036641
352	277	391	0.036616
352	4328	392	0.036483
352	3751	393	0.036430
352	5074	394	0.036413
352	3302	395	0.036274
352	3581	396	0.036085
352	4036	397	0.036071
352	95	398	0.036014
352	3978	399	0.035990
352	4860	400	0.035872
352	4120	401	0.035819
352	2644	402	0.035699
352	3761	403	0.035693
352	366	404	0.035666
352	1114	405	0.035558
352	4778	406	0.035547
352	182	407	0.035515
352	5343	408	0.035346
352	3441	409	0.035193
352	1078	410	0.035188
352	4947	411	0.035100
352	2572	412	0.035049
352	3527	413	0.035009
352	3833	414	0.035005
352	750	415	0.034997
352	968	416	0.034979
352	3372	417	0.034904
352	533	418	0.034848
352	3733	419	0.034812
352	765	420	0.034792
352	3322	421	0.034713
352	374	422	0.034691
352	1124	423	0.034570
352	419	424	0.034551
352	4949	425	0.034542
352	4317	426	0.034514
352	3850	427	0.034422
352	4518	428	0.034371
352	1964	429	0.034282
352	4887	430	0.034183
352	1941	431	0.034171
352	3661	432	0.034152
352	4564	433	0.034074
352	802	434	0.033926
352	654	435	0.033847
352	194	436	0.033751
352	2617	437	0.033683
352	3921	438	0.033630
352	56	439	0.033551
352	2271	440	0.033511
352	4519	441	0.033501
352	3956	442	0.033456
352	5246	443	0.033390
352	2060	444	0.033350
352	2415	445	0.033277
352	4311	446	0.033252
352	3095	447	0.033194
352	2145	448	0.033018
352	1491	449	0.033015
352	4202	450	0.032949
352	3949	451	0.032916
352	4119	452	0.032883
352	3367	453	0.032878
352	1892	454	0.032749
352	5270	455	0.032706
352	4962	456	0.032697
352	3525	457	0.032678
352	433	458	0.032645
352	2540	459	0.032594
352	2616	460	0.032537
352	2700	461	0.032517
352	3746	462	0.032463
352	5249	463	0.032409
352	1869	464	0.032140
352	2916	465	0.032060
352	738	466	0.031922
352	1374	467	0.031870
352	663	468	0.031856
352	2639	469	0.031811
352	4132	470	0.031779
352	5245	471	0.031779
352	3895	472	0.031778
352	289	473	0.031752
352	800	474	0.031746
352	2048	475	0.031719
352	2179	476	0.031683
352	4944	477	0.031682
352	1198	478	0.031653
352	3233	479	0.031611
352	2618	480	0.031565
352	2657	481	0.031520
352	3332	482	0.031519
352	2741	483	0.031450
352	1790	484	0.031436
352	1427	485	0.031344
352	287	486	0.031309
352	854	487	0.031293
352	808	488	0.031263
352	3938	489	0.031223
352	992	490	0.031211
352	2032	491	0.031182
352	1247	492	0.031151
352	1318	493	0.031119
352	2166	494	0.031033
352	75	495	0.030975
352	3437	496	0.030958
352	924	497	0.030944
352	5273	498	0.030926
352	2742	499	0.030874
352	4216	500	0.030845
352	5143	501	0.030832
352	5077	502	0.030684
352	3229	503	0.030576
352	4053	504	0.030443
352	658	505	0.030437
352	4637	506	0.030334
352	84	507	0.030264
352	2387	508	0.030233
352	1444	509	0.030165
352	2183	510	0.030162
352	4735	511	0.029973
352	4961	512	0.029962
352	3373	513	0.029954
352	2205	514	0.029940
352	2772	515	0.029940
352	2218	516	0.029920
352	2798	517	0.029916
352	3288	518	0.029874
352	4836	519	0.029827
352	3642	520	0.029736
352	1002	521	0.029719
352	241	522	0.029658
352	4207	523	0.029617
352	2971	524	0.029588
352	265	525	0.029571
352	1653	526	0.029543
352	1774	527	0.029506
352	1148	528	0.029498
352	5178	529	0.029472
352	274	530	0.029443
352	2528	531	0.029425
352	4019	532	0.029410
352	1496	533	0.029409
352	478	534	0.029299
352	435	535	0.029284
352	2423	536	0.029273
352	3976	537	0.029232
352	3966	538	0.029176
352	760	539	0.029158
352	253	540	0.029157
352	1615	541	0.029068
352	4841	542	0.028993
352	1275	543	0.028966
352	2066	544	0.028956
352	1566	545	0.028955
352	2551	546	0.028846
352	134	547	0.028846
352	682	548	0.028839
352	1694	549	0.028788
352	2206	550	0.028717
352	1863	551	0.028671
352	5345	552	0.028576
352	4385	553	0.028528
352	4937	554	0.028474
352	307	555	0.028359
352	1492	556	0.028303
352	4129	557	0.028176
352	1671	558	0.028169
352	4003	559	0.028163
352	5295	560	0.028140
352	2570	561	0.028140
352	4571	562	0.028100
352	4951	563	0.028063
352	4177	564	0.028054
352	872	565	0.028053
352	4261	566	0.027974
352	4048	567	0.027954
352	1438	568	0.027942
352	2131	569	0.027938
352	4017	570	0.027845
352	3280	571	0.027818
352	613	572	0.027792
352	1223	573	0.027775
352	1919	574	0.027774
352	60	575	0.027768
352	3009	576	0.027687
352	1518	577	0.027657
352	2648	578	0.027634
352	4559	579	0.027560
352	4942	580	0.027546
352	3542	581	0.027507
352	1934	582	0.027500
352	2126	583	0.027497
352	3595	584	0.027472
352	2373	585	0.027466
352	1481	586	0.027416
352	875	587	0.027403
352	5248	588	0.027363
352	53	589	0.027311
352	859	590	0.027228
352	1400	591	0.027213
352	3606	592	0.027168
352	3169	593	0.027124
352	736	594	0.027082
352	1587	595	0.027051
352	2114	596	0.027019
352	5349	597	0.027006
352	2661	598	0.026938
352	4193	599	0.026902
352	1675	600	0.026810
352	5053	601	0.026615
352	42	602	0.026563
352	4310	603	0.026487
352	1325	604	0.026330
352	1499	605	0.026317
352	3731	606	0.026306
352	3510	607	0.026304
352	4734	608	0.026186
352	3344	609	0.026180
352	1378	610	0.026169
352	5352	611	0.026156
352	477	612	0.026148
352	3371	613	0.026140
352	1695	614	0.026136
352	2087	615	0.026095
352	2520	616	0.026058
352	4856	617	0.026016
352	2284	618	0.026014
352	753	619	0.025966
352	3972	620	0.025894
352	2349	621	0.025843
352	1372	622	0.025792
352	1135	623	0.025780
352	3134	624	0.025707
352	3726	625	0.025707
352	3152	626	0.025659
352	2951	627	0.025632
352	2801	628	0.025574
352	5196	629	0.025570
352	4928	630	0.025563
352	2942	631	0.025513
352	1266	632	0.025509
352	3968	633	0.025497
352	2843	634	0.025362
352	4469	635	0.025331
352	655	636	0.025326
352	660	637	0.025308
352	2650	638	0.025295
352	255	639	0.025280
352	5069	640	0.025252
352	3446	641	0.025220
352	3948	642	0.025209
352	1003	643	0.025191
352	3354	644	0.025170
352	3024	645	0.025136
352	97	646	0.025047
352	4114	647	0.025003
352	5221	648	0.024993
352	1373	649	0.024986
352	2602	650	0.024937
352	1201	651	0.024663
352	4344	652	0.024637
352	3168	653	0.024594
352	5265	654	0.024575
352	1437	655	0.024569
352	1614	656	0.024547
352	1192	657	0.024536
352	608	658	0.024482
352	2152	659	0.024458
352	3165	660	0.024430
352	4163	661	0.024386
352	369	662	0.024337
352	2970	663	0.024305
352	284	664	0.024303
352	3369	665	0.024294
352	1200	666	0.024255
352	520	667	0.024240
352	256	668	0.024230
352	1091	669	0.024225
352	1230	670	0.024216
352	853	671	0.024145
352	3960	672	0.024138
352	601	673	0.024129
352	4118	674	0.024128
352	3253	675	0.024112
352	46	676	0.024072
352	495	677	0.024067
352	2654	678	0.024034
352	208	679	0.024031
352	2519	680	0.024021
352	2518	681	0.024019
352	3276	682	0.023996
352	606	683	0.023939
352	3973	684	0.023889
352	1664	685	0.023844
352	499	686	0.023795
352	614	687	0.023728
352	4835	688	0.023600
352	3038	689	0.023539
352	2552	690	0.023538
352	481	691	0.023531
352	1885	692	0.023507
352	4251	693	0.023441
352	4903	694	0.023382
352	5340	695	0.023360
352	4946	696	0.023288
352	5033	697	0.023286
352	619	698	0.023246
352	3462	699	0.023240
352	4172	700	0.023238
352	661	701	0.023231
352	5278	702	0.023227
352	5261	703	0.023190
352	5054	704	0.023080
352	3385	705	0.023019
352	458	706	0.023001
352	4258	707	0.022991
352	5101	708	0.022956
352	2866	709	0.022919
352	3243	710	0.022918
352	2270	711	0.022848
352	5323	712	0.022836
352	2273	713	0.022770
352	5091	714	0.022726
352	2380	715	0.022653
352	2750	716	0.022640
352	2864	717	0.022637
352	3100	718	0.022637
352	3017	719	0.022591
352	2015	720	0.022423
352	624	721	0.022365
352	2196	722	0.022311
352	1104	723	0.022299
352	3109	724	0.022192
352	4060	725	0.022183
352	4858	726	0.022106
352	4589	727	0.022063
352	828	728	0.022054
352	346	729	0.022049
352	2042	730	0.021948
352	3164	731	0.021849
352	788	732	0.021830
352	3868	733	0.021821
352	1596	734	0.021788
352	500	735	0.021731
352	847	736	0.021687
352	5076	737	0.021569
352	5188	738	0.021482
352	632	739	0.021445
352	4776	740	0.021400
352	2028	741	0.021373
352	4747	742	0.021344
352	2796	743	0.021336
352	4599	744	0.021333
352	4103	745	0.021311
352	2391	746	0.021310
352	2660	747	0.021239
352	5180	748	0.021194
352	5275	749	0.021192
352	4888	750	0.021184
352	1581	751	0.021176
352	5342	752	0.021170
352	4711	753	0.021111
352	2125	754	0.021063
352	1490	755	0.021063
352	1868	756	0.021058
352	4889	757	0.020996
352	2645	758	0.020938
352	2062	759	0.020930
352	3509	760	0.020867
352	4192	761	0.020856
352	3249	762	0.020836
352	3546	763	0.020831
352	3144	764	0.020801
352	2936	765	0.020797
352	4640	766	0.020793
352	3379	767	0.020737
352	1944	768	0.020722
352	2711	769	0.020684
352	1682	770	0.020655
352	3887	771	0.020650
352	2286	772	0.020611
352	2144	773	0.020579
352	3981	774	0.020577
352	2949	775	0.020576
352	1553	776	0.020543
352	1218	777	0.020506
352	2260	778	0.020491
352	1634	779	0.020488
352	5130	780	0.020481
352	3951	781	0.020450
352	5191	782	0.020442
352	2375	783	0.020430
352	2223	784	0.020429
352	976	785	0.020358
352	3891	786	0.020316
352	1943	787	0.020286
352	4127	788	0.020274
352	55	789	0.020155
352	2722	790	0.020147
352	2896	791	0.020119
352	2669	792	0.020104
352	821	793	0.020101
352	5239	794	0.020062
352	2858	795	0.020046
352	4791	796	0.020038
352	2244	797	0.020008
352	537	798	0.019998
352	3977	799	0.019977
352	4342	800	0.019964
352	213	801	0.019961
352	3562	802	0.019947
352	1134	803	0.019922
352	2164	804	0.019915
352	3758	805	0.019892
352	3739	806	0.019882
352	371	807	0.019863
352	3864	808	0.019860
352	2956	809	0.019835
352	2029	810	0.019829
352	1804	811	0.019826
352	2720	812	0.019733
352	4352	813	0.019725
352	1418	814	0.019679
352	1691	815	0.019640
352	1199	816	0.019617
352	4112	817	0.019610
352	4723	818	0.019599
352	4859	819	0.019591
352	252	820	0.019570
352	2459	821	0.019474
352	584	822	0.019436
352	2041	823	0.019436
352	377	824	0.019415
352	4601	825	0.019394
352	2723	826	0.019347
352	48	827	0.019292
352	4176	828	0.019204
352	115	829	0.019071
352	5156	830	0.019002
352	1098	831	0.018999
352	3607	832	0.018970
352	4919	833	0.018920
352	5160	834	0.018897
352	2371	835	0.018880
352	1573	836	0.018740
352	3985	837	0.018730
352	1879	838	0.018694
352	2185	839	0.018691
352	1550	840	0.018655
352	3230	841	0.018573
352	4380	842	0.018525
352	1043	843	0.018495
352	4744	844	0.018451
352	4239	845	0.018437
352	397	846	0.018390
352	925	847	0.018351
352	4720	848	0.018350
352	4195	849	0.018324
352	2981	850	0.018279
352	348	851	0.018273
352	473	852	0.018218
352	1337	853	0.018193
352	2197	854	0.018171
352	5024	855	0.018160
352	4092	856	0.018121
352	389	857	0.018105
352	2785	858	0.018089
352	3458	859	0.018084
352	1575	860	0.018053
352	199	861	0.017965
352	5192	862	0.017936
352	3587	863	0.017906
352	2473	864	0.017890
352	5185	865	0.017889
352	2774	866	0.017851
352	1118	867	0.017810
352	3724	868	0.017795
352	4315	869	0.017792
352	273	870	0.017791
352	2460	871	0.017787
352	3986	872	0.017764
352	3289	873	0.017746
352	994	874	0.017707
352	78	875	0.017701
352	379	876	0.017651
352	766	877	0.017594
352	4862	878	0.017562
352	4104	879	0.017543
352	5357	880	0.017530
352	932	881	0.017491
352	1315	882	0.017470
352	5080	883	0.017405
352	1210	884	0.017398
352	1482	885	0.017379
352	1926	886	0.017315
352	5015	887	0.017312
352	2334	888	0.017301
352	3741	889	0.017299
352	1673	890	0.017169
352	400	891	0.017165
352	FT911-4016	892	0.017143
352	845	893	0.017105
352	2989	894	0.017079
352	4223	895	0.017018
352	3692	896	0.017003
352	798	897	0.017002
352	285	898	0.016954
352	165	899	0.016921
352	54	900	0.016898
352	4383	901	0.016858
352	2952	902	0.016803
352	1652	903	0.016787
352	1567	904	0.016696
352	4638	905	0.016671
352	3236	906	0.016549
352	2992	907	0.016500
352	1370	908	0.016467
352	106	909	0.016435
352	795	910	0.016421
352	2376	911	0.016399
352	4612	912	0.016267
352	1555	913	0.016202
352	807	914	0.016185
352	2800	915	0.016182
352	5177	916	0.016147
352	679	917	0.016145
352	1084	918	0.016140
352	2343	919	0.016104
352	2195	920	0.016035
352	1663	921	0.015991
352	4199	922	0.015893
352	1617	923	0.015891
352	1925	924	0.015860
352	2985	925	0.015859
352	4929	926	0.015855
352	2954	927	0.015837
352	4076	928	0.015749
352	3531	929	0.015736
352	1077	930	0.015717
352	4582	931	0.015683
352	4225	932	0.015664
352	4001	933	0.015651
352	755	934	0.015636
352	4520	935	0.015620
352	2996	936	0.015553
352	4930	937	0.015547
352	FT911-4366	938	0.015527
352	2082	939	0.015511
352	188	940	0.015489
352	4397	941	0.015478
352	5038	942	0.015464
352	4374	943	0.015435
352	5040	944	0.015267
352	2568	945	0.015256
352	1519	946	0.015129
352	4057	947	0.015082
352	382	948	0.015039
352	3159	949	0.014973
352	3361	950	0.014956
352	3232	951	0.014904
352	1912	952	0.014867
352	3912	953	0.014815
352	490	954	0.014773
352	1781	955	0.014717
352	3545	956	0.014641
352	4651	957	0.014628
352	3433	958	0.014579
352	2521	959	0.014549
352	1771	960	0.014527
352	2994	961	0.014518
352	4800	962	0.014516
352	1353	963	0.014491
352	4007	964	0.014476
352	3415	965	0.014457
352	3459	966	0.014410
352	2576	967	0.014377
352	3395	968	0.014367
352	4643	969	0.014367
352	2962	970	0.014350
352	1715	971	0.014321
352	1287	972	0.014314
352	4189	973	0.014312
352	3154	974	0.014261
352	1314	975	0.014226
352	FT911-376	976	0.014210
352	4790	977	0.014108
352	865	978	0.014024
352	1207	979	0.013982
352	2118	980	0.013854
352	2984	981	0.013834
352	2469	982	0.013774
352	628	983	0.013733
352	4654	984	0.013725
352	5049	985	0.013710
352	3643	986	0.013710
352	4775	987	0.013701
352	4314	988	0.013653
352	1539	989	0.013580
352	141	990	0.013575
352	4531	991	0.013548
352	1432	992	0.013529
352	3791	993	0.013526
352	3915	994	0.013499
352	367	995	0.013434
352	1379	996	0.013418
352	470	997	0.013374
352	3401	998	0.013263
352	4487	999	0.013218
352	3273	1000	0.013185
352	2725	1001	0.013183
352	4658	1002	0.013156
352	3796	1003	0.013003
352	5036	1004	0.012964
352	3019	1005	0.012955
352	4656	1006	0.012954
352	1079	1007	0.012921
352	3020	1008	0.012803
352	5294	1009	0.012798
352	585	1010	0.012797
352	5337	1011	0.012796
352	420	1012	0.012787
352	3403	1013	0.012735
352	401	1014	0.012715
352	3063	1015	0.012649
352	2829	1016	0.012618
352	2786	1017	0.012617
352	381	1018	0.012595
352	5341	1019	0.012528
352	3908	1020	0.012387
352	1984	1021	0.012232
352	375	1022	0.012223
352	806	1023	0.012164
352	1882	1024	0.012153
352	2539	1025	0.012150
352	1538	1026	0.012087
352	1971	1027	0.012047
352	3186	1028	0.012030
352	4013	1029	0.011995
352	3932	1030	0.011977
352	2915	1031	0.011931
352	4382	1032	0.011886
352	144	1033	0.011821
352	4378	1034	0.011785
352	2040	1035	0.011768
352	4117	1036	0.011674
352	1629	1037	0.011672
352	2204	1038	0.011654
352	2447	1039	0.011652
352	1681	1040	0.011632
352	1500	1041	0.011533
352	3119	1042	0.011525
352	1880	1043	0.011510
352	1598	1044	0.011460
352	1982	1045	0.011440
352	3417	1046	0.011426
352	4096	1047	0.011393
352	3918	1048	0.011362
352	1296	1049	0.011360
352	1406	1050	0.011303
352	4480	1051	0.011274
352	2795	1052	0.011264
352	5182	1053	0.011233
352	1949	1054	0.011213
352	1486	1055	0.011207
352	3166	1056	0.011198
352	476	1057	0.011128
352	4850	1058	0.011106
352	4458	1059	0.011098
352	504	1060	0.011053
352	4513	1061	0.010999
352	4168	1062	0.010966
352	4890	1063	0.010942
352	1344	1064	0.010870
352	4116	1065	0.010865
352	485	1066	0.010811
352	1699	1067	0.010774
352	351	1068	0.010704
352	2389	1069	0.010599
352	3360	1070	0.010566
352	5264	1071	0.010451
352	4384	1072	0.010418
352	1478	1073	0.010384
352	2818	1074	0.010326
352	2790	1075	0.010266
352	1958	1076	0.010245
352	1307	1077	0.010164
352	5079	1078	0.010053
352	1773	1079	0.010046
352	139	1080	0.009961
352	4010	1081	0.009867
352	482	1082	0.009833
352	1352	1083	0.009816
352	438	1084	0.009791
352	1477	1085	0.009626
352	1508	1086	0.009609
352	1501	1087	0.009595
352	805	1088	0.009572
352	1487	1089	0.009566
352	1503	1090	0.009460
352	2522	1091	0.009420
352	4516	1092	0.009373
352	2274	1093	0.009305
352	1502	1094	0.009269
352	4178	1095	0.009116
352	2819	1096	0.008978
352	1474	1097	0.008853
352	3449	1098	0.008781
352	789	1099	0.008392
352	559	1100	0.008379
352	4015	1101	0.008339
352	2792	1102	0.008326
352	4088	1103	0.008184
352	4967	1104	0.008097
352	521	1105	0.008072
352	4011	1106	0.008004
352	4089	1107	0.007785
352	1509	1108	0.007619
352	1831	1109	0.007480
352	1042	1110	0.007384
352	3187	1111	0.007315
352	480	1112	0.007246
352	4188	1113	0.007161
353	122	1	0.567463
353	558	2	0.409740
353	4151	3	0.369473
353	1769	4	0.348073
353	4348	5	0.253914
353	4261	6	0.228815
353	4349	7	0.187361
353	5079	8	0.122445
354	885	1	0.295596
354	4783	2	0.276435
354	1588	3	0.257335
354	1900	4	0.255116
354	4804	5	0.251393
354	3514	6	0.248787
354	1702	7	0.242562
354	1288	8	0.241837
354	115	9	0.166865
354	2786	10	0.161984
354	2977	11	0.159149
354	1374	12	0.132872
354	5245	13	0.132491
354	4603	14	0.125304
354	2618	15	0.125043
354	4757	16	0.123500
354	5207	17	0.117910
354	5214	18	0.115727
354	4272	19	0.115380
354	477	20	0.109017
354	2436	21	0.107192
354	1085	22	0.102856
354	1668	23	0.101720
354	1949	24	0.098107
354	2216	25	0.097499
354	4344	26	0.096378
354	501	27	0.093921
354	2646	28	0.091798
354	4125	29	0.090864
354	195	30	0.090663
354	3537	31	0.090420
354	3364	32	0.089293
354	3494	33	0.088797
354	2299	34	0.085358
354	4312	35	0.084801
354	3661	36	0.084095
354	1869	37	0.081579
354	2300	38	0.081177
354	4065	39	0.076871
354	460	40	0.076662
354	1568	41	0.076067
354	4277	42	0.075559
354	611	43	0.074789
354	5046	44	0.074661
354	1312	45	0.073015
354	5054	46	0.072612
354	4021	47	0.071147
354	1523	48	0.070831
354	2256	49	0.070718
354	3894	50	0.068917
354	1587	51	0.066609
354	4571	52	0.064923
354	3658	53	0.064878
354	418	54	0.064293
354	3948	55	0.063986
354	3104	56	0.063825
354	318	57	0.063737
354	1793	58	0.063409
354	2812	59	0.063162
354	503	60	0.062758
354	5093	61	0.062662
354	1585	62	0.062320
354	2370	63	0.062078
354	1436	64	0.061878
354	2163	65	0.060945
354	471	66	0.060523
354	693	67	0.060198
354	1528	68	0.060049
354	1899	69	0.058579
354	5101	70	0.058269
354	1958	71	0.058069
354	1316	72	0.057993
354	2845	73	0.057816
354	1956	74	0.057470
354	540	75	0.057214
354	4878	76	0.056949
354	1475	77	0.056324
354	2689	78	0.055607
354	3627	79	0.055459
354	4909	80	0.055062
354	3896	81	0.054446
354	989	82	0.054368
354	4649	83	0.054356
354	3516	84	0.053916
354	3249	85	0.052887
354	3144	86	0.052799
354	2716	87	0.052691
354	2116	88	0.052571
354	4740	89	0.051944
354	2994	90	0.051934
354	4653	91	0.051809
354	5190	92	0.051730
354	2971	93	0.051695
354	3619	94	0.050914
354	4592	95	0.050810
354	1999	96	0.050680
354	1308	97	0.050627
354	391	98	0.050149
354	336	99	0.049601
354	2753	100	0.049534
354	4582	101	0.049340
354	743	102	0.049168
354	2644	103	0.048941
354	354	104	0.048756
354	710	105	0.048737
354	1199	106	0.048303
354	4561	107	0.048146
354	1710	108	0.048031
354	4833	109	0.047938
354	2983	110	0.047489
354	1296	111	0.047363
354	4045	112	0.046673
354	2980	113	0.046651
354	1297	114	0.046584
354	1513	115	0.046015
354	2848	116	0.045305
354	3407	117	0.045100
354	251	118	0.044774
354	1792	119	0.044593
354	198	120	0.044475
354	1575	121	0.044454
354	5178	122	0.044181
354	1967	123	0.044048
354	5331	124	0.043864
354	2510	125	0.043638
354	2989	126	0.043350
354	1884	127	0.043100
354	2219	128	0.043086
354	221	129	0.042979
354	1253	130	0.042777
354	3641	131	0.042720
354	2712	132	0.042093
354	4200	133	0.042069
354	872	134	0.042054
354	2856	135	0.041763
354	310	136	0.041610
354	615	137	0.041482
354	2648	138	0.041427
354	2622	139	0.041390
354	1303	140	0.041306
354	2620	141	0.041265
354	3255	142	0.041084
354	4755	143	0.041076
354	862	144	0.041040
354	1696	145	0.040920
354	4991	146	0.040831
354	2014	147	0.040628
354	2114	148	0.040505
354	1621	149	0.040393
354	1283	150	0.040242
354	2997	151	0.040190
354	3802	152	0.039984
354	4076	153	0.039974
354	220	154	0.039973
354	42	155	0.039821
354	764	156	0.039781
354	4754	157	0.039779
354	3013	158	0.039735
354	3852	159	0.039417
354	1423	160	0.039277
354	47	161	0.039216
354	3371	162	0.039188
354	2031	163	0.038645
354	526	164	0.038558
354	1556	165	0.038228
354	1195	166	0.038192
354	2486	167	0.038092
354	1197	168	0.038053
354	3663	169	0.037965
354	3018	170	0.037940
354	660	171	0.037940
354	4448	172	0.037938
354	5302	173	0.037436
354	4623	174	0.036999
354	1474	175	0.036909
354	1653	176	0.036869
354	608	177	0.036701
354	2152	178	0.036665
354	4726	179	0.036529
354	4643	180	0.036466
354	2970	181	0.036436
354	2995	182	0.036422
354	1715	183	0.036349
354	3015	184	0.036264
354	357	185	0.035884
354	1592	186	0.035869
354	4655	187	0.035677
354	1544	188	0.035219
354	3535	189	0.034951
354	628	190	0.034857
354	661	191	0.034827
354	3010	192	0.034601
354	4650	193	0.034353
354	1432	194	0.034340
354	1022	195	0.034294
354	2270	196	0.034251
354	5323	197	0.034234
354	3660	198	0.034226
354	4680	199	0.034121
354	1520	200	0.034040
354	3860	201	0.033924
354	1445	202	0.033829
354	594	203	0.033691
354	4290	204	0.033672
354	3273	205	0.033467
354	2161	206	0.033367
354	2107	207	0.033267
354	4506	208	0.033162
354	4906	209	0.032987
354	3806	210	0.032951
354	5045	211	0.032919
354	4240	212	0.032864
354	863	213	0.032629
354	5111	214	0.032588
354	892	215	0.032471
354	627	216	0.032307
354	392	217	0.032224
354	2600	218	0.032151
354	4776	219	0.032081
354	3461	220	0.031910
354	433	221	0.031754
354	2458	222	0.031742
354	3576	223	0.031715
354	3578	224	0.031492
354	1619	225	0.031415
354	591	226	0.031166
354	1990	227	0.031075
354	3714	228	0.030995
354	1154	229	0.030969
354	3887	230	0.030957
354	4830	231	0.030956
354	678	232	0.030890
354	697	233	0.030758
354	1281	234	0.030629
354	1865	235	0.030626
354	4235	236	0.030615
354	4907	237	0.030128
354	3436	238	0.030034
354	213	239	0.029923
354	4419	240	0.029513
354	1541	241	0.029417
354	4859	242	0.029369
354	252	243	0.029338
354	2118	244	0.029272
354	4143	245	0.029249
354	1440	246	0.029119
354	1595	247	0.029070
354	4488	248	0.029060
354	4043	249	0.028993
354	3580	250	0.028918
354	5336	251	0.028896
354	2110	252	0.028765
354	1406	253	0.028689
354	4087	254	0.028532
354	1386	255	0.028477
354	890	256	0.028343
354	3756	257	0.028275
354	4647	258	0.028209
354	1408	259	0.028176
354	262	260	0.028128
354	3004	261	0.027895
354	4968	262	0.027884
354	2688	263	0.027818
354	1013	264	0.027818
354	2535	265	0.027776
354	1369	266	0.027619
354	2032	267	0.027612
354	779	268	0.027210
354	4024	269	0.027101
354	199	270	0.026932
354	3007	271	0.026831
354	2754	272	0.026791
354	4131	273	0.026731
354	4315	274	0.026672
354	273	275	0.026672
354	2384	276	0.026617
354	4026	277	0.026606
354	2999	278	0.026599
354	4787	279	0.026380
354	823	280	0.026356
354	2174	281	0.026346
354	4204	282	0.026339
354	4207	283	0.026223
354	2987	284	0.026212
354	1148	285	0.026118
354	1210	286	0.026082
354	1633	287	0.026033
354	5179	288	0.025827
354	1726	289	0.025817
354	3251	290	0.025777
354	5329	291	0.025774
354	810	292	0.025573
354	1765	293	0.025542
354	3266	294	0.025425
354	4579	295	0.025400
354	125	296	0.025126
354	1993	297	0.024895
354	438	298	0.024853
354	2992	299	0.024736
354	35	300	0.024733
354	4629	301	0.024564
354	3009	302	0.024514
354	3404	303	0.024466
354	4000	304	0.024464
354	4612	305	0.024386
354	393	306	0.024344
354	2835	307	0.024330
354	679	308	0.024203
354	1951	309	0.024126
354	2195	310	0.024039
354	4675	311	0.023924
354	3221	312	0.023808
354	4814	313	0.023800
354	2986	314	0.023537
354	4288	315	0.023330
354	1254	316	0.023160
354	753	317	0.022990
354	1532	318	0.022912
354	4213	319	0.022911
354	2568	320	0.022871
354	5120	321	0.022826
354	4972	322	0.022732
354	3304	323	0.022471
354	3484	324	0.022414
354	4574	325	0.022409
354	4025	326	0.022191
354	4842	327	0.022015
354	4651	328	0.021930
354	2521	329	0.021811
354	1437	330	0.021754
354	4420	331	0.021708
354	3008	332	0.021633
354	3287	333	0.021594
354	2962	334	0.021512
354	520	335	0.021463
354	1407	336	0.021416
354	601	337	0.021364
354	4219	338	0.021357
354	802	339	0.021313
354	FT911-376	340	0.021302
354	690	341	0.021068
354	865	342	0.021024
354	1319	343	0.020967
354	1885	344	0.020813
354	3450	345	0.020793
354	4103	346	0.020730
354	3300	347	0.020723
354	2469	348	0.020648
354	2691	349	0.020627
354	3699	350	0.020605
354	1892	351	0.020574
354	4499	352	0.020473
354	2209	353	0.020374
354	1226	354	0.020344
354	328	355	0.020187
354	1950	356	0.020082
354	936	357	0.020008
354	2587	358	0.019953
354	2698	359	0.019888
354	4792	360	0.019849
354	137	361	0.019841
354	3023	362	0.019727
354	2053	363	0.019710
354	902	364	0.019677
354	5036	365	0.019434
354	1953	366	0.019217
354	2694	367	0.019166
354	1534	368	0.019135
354	4904	369	0.019115
354	4014	370	0.019109
354	3939	371	0.019069
354	756	372	0.019060
354	1259	373	0.018787
354	154	374	0.018746
354	4889	375	0.018590
354	272	376	0.018456
354	4640	377	0.018410
354	1367	378	0.018405
354	3983	379	0.018174
354	467	380	0.018170
354	4479	381	0.018119
354	3951	382	0.018106
354	1295	383	0.018099
354	1971	384	0.018060
354	2457	385	0.018018
354	131	386	0.017949
354	2450	387	0.017836
354	3396	388	0.017720
354	1681	389	0.017438
354	2427	390	0.017413
354	1982	391	0.017149
354	1981	392	0.017142
354	3417	393	0.017128
354	5237	394	0.017069
354	513	395	0.017048
354	3918	396	0.017034
354	2700	397	0.017006
354	2452	398	0.016957
354	186	399	0.016916
354	5182	400	0.016840
354	1979	401	0.016752
354	1780	402	0.016732
354	2892	403	0.016709
354	1879	404	0.016552
354	2657	405	0.016484
354	138	406	0.016468
354	1063	407	0.016344
354	1507	408	0.016328
354	5232	409	0.016314
354	4116	410	0.016289
354	380	411	0.016184
354	4901	412	0.016169
354	255	413	0.015881
354	3448	414	0.015881
354	5186	415	0.015850
354	4376	416	0.015831
354	3724	417	0.015756
354	3412	418	0.015626
354	3907	419	0.015587
354	465	420	0.015308
354	1307	421	0.015237
354	4018	422	0.015175
354	2561	423	0.015128
354	1720	424	0.014561
354	3006	425	0.014545
354	2894	426	0.014323
354	855	427	0.014174
354	1418	428	0.014057
354	487	429	0.013887
354	2374	430	0.013839
354	188	431	0.013714
354	1338	432	0.013674
354	382	433	0.013316
354	2650	434	0.013229
354	3446	435	0.013189
354	626	436	0.012999
354	5185	437	0.012779
354	3109	438	0.012749
354	821	439	0.012628
354	1070	440	0.012604
354	4967	441	0.012139
354	141	442	0.012020
354	1617	443	0.011352
354	2082	444	0.011080
354	2723	445	0.010389
359	1897	1	0.224234
359	4650	2	0.216803
359	391	3	0.152752
359	3000	4	0.151827
359	1282	5	0.145190
359	5121	6	0.143645
359	5244	7	0.141816
359	4652	8	0.141028
359	3242	9	0.137669
359	3149	10	0.135997
359	2452	11	0.133226
359	3276	12	0.127399
359	934	13	0.123830
359	5086	14	0.123292
359	4645	15	0.122849
359	2637	16	0.119417
359	4264	17	0.111956
359	2480	18	0.110857
359	1230	19	0.109304
359	1412	20	0.103048
359	4679	21	0.102291
359	3404	22	0.100912
359	428	23	0.100121
359	515	24	0.100073
359	2009	25	0.099954
359	1628	26	0.098835
359	3546	27	0.094024
359	680	28	0.093234
359	4368	29	0.093190
359	165	30	0.089837
359	2469	31	0.088318
359	1719	32	0.087927
359	4987	33	0.087440
359	3406	34	0.083468
359	3645	35	0.082929
359	3986	36	0.080181
359	2063	37	0.077932
359	601	38	0.075661
359	2520	39	0.075441
359	5150	40	0.073450
359	4467	41	0.072920
359	3496	42	0.071724
359	4865	43	0.071062
359	1517	44	0.069064
359	1309	45	0.067944
359	1972	46	0.067739
359	2288	47	0.067384
359	3283	48	0.067051
359	2342	49	0.067010
359	2119	50	0.066745
359	511	51	0.066307
359	198	52	0.066006
359	1279	53	0.065643
359	99	54	0.065304
359	2913	55	0.065219
359	4271	56	0.063151
359	2424	57	0.061806
359	1521	58	0.061746
359	3979	59	0.061157
359	2100	60	0.059699
359	2712	61	0.058918
359	1899	62	0.058704
359	3019	63	0.058473
359	2983	64	0.057907
359	2032	65	0.057755
359	4647	66	0.057384
359	3260	67	0.057326
359	2829	68	0.056954
359	4322	69	0.056897
359	4583	70	0.056600
359	665	71	0.055586
359	4202	72	0.055012
359	4648	73	0.054898
359	331	74	0.054603
359	61	75	0.054032
359	762	76	0.053098
359	2584	77	0.053022
359	2998	78	0.052688
359	4206	79	0.052672
359	1963	80	0.052390
359	4270	81	0.051983
359	2459	82	0.051914
359	1096	83	0.051594
359	2672	84	0.051542
359	5157	85	0.051529
359	4176	86	0.051193
359	2596	87	0.051156
359	2175	88	0.050940
359	5064	89	0.050399
359	4355	90	0.049926
359	138	91	0.049583
359	3914	92	0.049219
359	2374	93	0.049011
359	965	94	0.048596
359	2046	95	0.048519
359	4870	96	0.048238
359	4840	97	0.048000
359	4642	98	0.047734
359	1059	99	0.047122
359	1474	100	0.047001
359	1702	101	0.046287
359	4641	102	0.046230
359	1288	103	0.046148
359	2982	104	0.046048
359	4589	105	0.045803
359	4649	106	0.045604
359	1645	107	0.045500
359	4508	108	0.045295
359	4644	109	0.045198
359	3534	110	0.045167
359	3248	111	0.045153
359	3109	112	0.045152
359	1446	113	0.045089
359	392	114	0.044625
359	594	115	0.044552
359	4646	116	0.044316
359	204	117	0.044304
359	4656	118	0.044273
359	2222	119	0.043959
359	4685	120	0.043826
359	5201	121	0.043610
359	4474	122	0.043559
359	4655	123	0.043505
359	4784	124	0.043265
359	4727	125	0.043263
359	2988	126	0.043237
359	2684	127	0.042508
359	4651	128	0.042351
359	407	129	0.042094
359	2871	130	0.041890
359	4654	131	0.041856
359	4643	132	0.041594
359	4787	133	0.041242
359	4653	134	0.041075
359	679	135	0.041067
359	3102	136	0.041052
359	4095	137	0.040960
359	3258	138	0.040688
359	2711	139	0.040606
359	4972	140	0.040423
359	1861	141	0.039710
359	4640	142	0.039516
359	1180	143	0.039509
359	1909	144	0.039396
359	952	145	0.039324
359	4108	146	0.039132
359	1910	147	0.038954
359	1312	148	0.038749
359	2396	149	0.038603
359	4627	150	0.038555
359	870	151	0.038463
359	2826	152	0.038416
359	3275	153	0.038126
359	713	154	0.038030
359	FT911-5129	155	0.037973
359	1866	156	0.037722
359	3137	157	0.037574
359	5018	158	0.037545
359	4024	159	0.037529
359	2762	160	0.037504
359	5214	161	0.037391
359	4419	162	0.037376
359	696	163	0.037309
359	252	164	0.037154
359	4588	165	0.037041
359	3618	166	0.036880
359	735	167	0.036862
359	5061	168	0.036850
359	2992	169	0.036647
359	3257	170	0.036509
359	106	171	0.036503
359	1019	172	0.036352
359	3330	173	0.036264
359	3378	174	0.036162
359	250	175	0.036131
359	5284	176	0.036104
359	4098	177	0.036045
359	220	178	0.035918
359	514	179	0.035740
359	1317	180	0.035706
359	4896	181	0.035424
359	2421	182	0.035361
359	2025	183	0.035235
359	3380	184	0.035061
359	1572	185	0.035052
359	5039	186	0.034906
359	4608	187	0.034828
359	5030	188	0.034687
359	1881	189	0.034653
359	5324	190	0.034440
359	5240	191	0.034389
359	533	192	0.034364
359	1556	193	0.034350
359	697	194	0.034256
359	2087	195	0.034231
359	3523	196	0.034230
359	2994	197	0.034025
359	4595	198	0.033982
359	4504	199	0.033873
359	1414	200	0.033847
359	1294	201	0.033770
359	3084	202	0.033698
359	3805	203	0.033670
359	2026	204	0.033649
359	5110	205	0.033628
359	5161	206	0.033596
359	1222	207	0.033465
359	5274	208	0.033406
359	4862	209	0.033340
359	1242	210	0.033332
359	5118	211	0.033133
359	5162	212	0.033071
359	2211	213	0.032905
359	3743	214	0.032862
359	2990	215	0.032802
359	1693	216	0.032734
359	534	217	0.032640
359	4895	218	0.032608
359	2488	219	0.032454
359	685	220	0.032281
359	314	221	0.032156
359	4935	222	0.032078
359	604	223	0.032047
359	4596	224	0.031926
359	1461	225	0.031873
359	2209	226	0.031852
359	2916	227	0.031614
359	3184	228	0.031595
359	5300	229	0.031587
359	FT911-376	230	0.031561
359	4980	231	0.031507
359	4200	232	0.031465
359	1150	233	0.031327
359	942	234	0.030962
359	3027	235	0.030724
359	3591	236	0.030691
359	3563	237	0.030623
359	1445	238	0.030397
359	1055	239	0.030395
359	1587	240	0.030331
359	938	241	0.030232
359	1179	242	0.030167
359	2985	243	0.030107
359	595	244	0.030010
359	3890	245	0.029996
359	2248	246	0.029894
359	4973	247	0.029856
359	2754	248	0.029837
359	2774	249	0.029805
359	4486	250	0.029745
359	3498	251	0.029621
359	5309	252	0.029614
359	2465	253	0.029555
359	2689	254	0.029510
359	3868	255	0.029393
359	3043	256	0.029321
359	4207	257	0.029205
359	5200	258	0.029062
359	3630	259	0.029030
359	1048	260	0.029023
359	22	261	0.028874
359	4786	262	0.028724
359	2984	263	0.028720
359	1673	264	0.028665
359	2414	265	0.028634
359	4860	266	0.028539
359	830	267	0.028510
359	2923	268	0.028464
359	1994	269	0.028382
359	2533	270	0.028253
359	4938	271	0.028073
359	190	272	0.028048
359	4848	273	0.027952
359	2589	274	0.027742
359	5299	275	0.027736
359	2521	276	0.027621
359	3001	277	0.027592
359	1839	278	0.027422
359	1688	279	0.027414
359	2850	280	0.027406
359	2287	281	0.027327
359	1584	282	0.027120
359	899	283	0.027027
359	1803	284	0.027022
359	508	285	0.026999
359	3044	286	0.026881
359	3293	287	0.026881
359	5168	288	0.026729
359	5296	289	0.026524
359	1848	290	0.026508
359	4929	291	0.026472
359	2165	292	0.026170
359	4027	293	0.026167
359	2627	294	0.026130
359	1700	295	0.026113
359	4396	296	0.026094
359	152	297	0.026025
359	4339	298	0.025964
359	3209	299	0.025906
359	3830	300	0.025752
359	4551	301	0.025746
359	4789	302	0.025724
359	693	303	0.025693
359	790	304	0.025607
359	4538	305	0.025595
359	4213	306	0.025517
359	1027	307	0.025474
359	1511	308	0.025366
359	3012	309	0.025308
359	531	310	0.025266
359	33	311	0.025227
359	719	312	0.025130
359	4785	313	0.025121
359	2406	314	0.025064
359	3311	315	0.024796
359	1601	316	0.024769
359	2892	317	0.024755
359	1729	318	0.024678
359	1026	319	0.024646
359	1827	320	0.024579
359	2197	321	0.024477
359	1830	322	0.024476
359	1105	323	0.024333
359	3229	324	0.024326
359	3183	325	0.024324
359	1629	326	0.024232
359	3939	327	0.024149
359	630	328	0.024093
359	2848	329	0.024043
359	2773	330	0.023992
359	3420	331	0.023974
359	1731	332	0.023968
359	3633	333	0.023932
359	3289	334	0.023905
359	5099	335	0.023845
359	2772	336	0.023819
359	3013	337	0.023806
359	315	338	0.023781
359	1836	339	0.023752
359	4836	340	0.023730
359	918	341	0.023715
359	1712	342	0.023691
359	2174	343	0.023673
359	2615	344	0.023660
359	725	345	0.023612
359	3312	346	0.023525
359	2454	347	0.023421
359	128	348	0.023409
359	2194	349	0.023409
359	4373	350	0.023409
359	674	351	0.023409
359	2978	352	0.023409
359	1125	353	0.023409
359	3281	354	0.023409
359	3559	355	0.023409
359	3774	356	0.023409
359	4162	357	0.023396
359	452	358	0.023396
359	1701	359	0.023396
359	435	360	0.023298
359	3709	361	0.023260
359	4639	362	0.023259
359	4883	363	0.023259
359	436	364	0.023154
359	2989	365	0.023006
359	226	366	0.022979
359	1942	367	0.022961
359	1463	368	0.022899
359	2644	369	0.022842
359	1462	370	0.022833
359	1384	371	0.022784
359	3701	372	0.022643
359	3014	373	0.022547
359	2844	374	0.022509
359	270	375	0.022392
359	5295	376	0.022387
359	1635	377	0.022363
359	2671	378	0.022334
359	765	379	0.022332
359	936	380	0.022283
359	5158	381	0.022243
359	2816	382	0.022243
359	4450	383	0.022238
359	3895	384	0.022234
359	35	385	0.022223
359	4792	386	0.022106
359	1056	387	0.022006
359	5186	388	0.021950
359	2569	389	0.021836
359	3141	390	0.021761
359	1107	391	0.021739
359	1696	392	0.021716
359	201	393	0.021696
359	2437	394	0.021696
359	2343	395	0.021692
359	2683	396	0.021624
359	1194	397	0.021420
359	3900	398	0.021420
359	1953	399	0.021402
359	2997	400	0.021328
359	957	401	0.021322
359	2940	402	0.021299
359	4904	403	0.021289
359	4849	404	0.021277
359	3551	405	0.021261
359	603	406	0.021189
359	2298	407	0.021169
359	3440	408	0.021149
359	3092	409	0.021080
359	3629	410	0.020939
359	2555	411	0.020929
359	4437	412	0.020744
359	5190	413	0.020716
359	2736	414	0.020665
359	92	415	0.020664
359	5068	416	0.020558
359	20	417	0.020556
359	5120	418	0.020510
359	4137	419	0.020434
359	3783	420	0.020424
359	5119	421	0.020422
359	1147	422	0.020382
359	1647	423	0.020371
359	4334	424	0.020361
359	5196	425	0.020343
359	4928	426	0.020338
359	2503	427	0.020278
359	1195	428	0.020268
359	1639	429	0.020257
359	4432	430	0.020256
359	3781	431	0.020246
359	530	432	0.020232
359	3494	433	0.020228
359	1529	434	0.020218
359	2486	435	0.020215
359	2115	436	0.020193
359	3663	437	0.020148
359	2595	438	0.020039
359	4013	439	0.020026
359	3071	440	0.020026
359	829	441	0.020024
359	2297	442	0.020011
359	2055	443	0.020009
359	3024	444	0.019998
359	3670	445	0.019984
359	4442	446	0.019983
359	687	447	0.019964
359	3347	448	0.019880
359	2602	449	0.019839
359	5253	450	0.019762
359	4774	451	0.019752
359	1842	452	0.019676
359	2842	453	0.019586
359	4699	454	0.019578
359	1614	455	0.019529
359	5339	456	0.019516
359	4226	457	0.019502
359	197	458	0.019461
359	326	459	0.019442
359	2419	460	0.019379
359	4121	461	0.019353
359	2995	462	0.019329
359	2466	463	0.019317
359	512	464	0.019268
359	5172	465	0.019240
359	1564	466	0.019234
359	461	467	0.019216
359	4665	468	0.019195
359	298	469	0.019157
359	1459	470	0.019147
359	2693	471	0.019111
359	2854	472	0.019105
359	4253	473	0.019089
359	2677	474	0.019047
359	324	475	0.019042
359	1592	476	0.019036
359	1664	477	0.018970
359	4391	478	0.018963
359	930	479	0.018889
359	2054	480	0.018881
359	3307	481	0.018870
359	1985	482	0.018829
359	844	483	0.018828
359	3038	484	0.018727
359	2980	485	0.018682
359	4251	486	0.018649
359	4875	487	0.018633
359	2696	488	0.018566
359	4119	489	0.018562
359	4459	490	0.018524
359	148	491	0.018521
359	3462	492	0.018489
359	2717	493	0.018450
359	5020	494	0.018405
359	4224	495	0.018348
359	3345	496	0.018330
359	3230	497	0.018314
359	142	498	0.018309
359	799	499	0.018275
359	396	500	0.018222
359	5323	501	0.018168
359	1965	502	0.018166
359	1302	503	0.018131
359	3571	504	0.018131
359	3046	505	0.018113
359	3026	506	0.018109
359	4680	507	0.018108
359	2017	508	0.018039
359	5269	509	0.018026
359	2864	510	0.018009
359	2420	511	0.017996
359	39	512	0.017987
359	1245	513	0.017976
359	3181	514	0.017960
359	3327	515	0.017907
359	1978	516	0.017886
359	2911	517	0.017871
359	4051	518	0.017833
359	664	519	0.017803
359	1600	520	0.017776
359	2196	521	0.017750
359	2841	522	0.017733
359	5122	523	0.017732
359	635	524	0.017724
359	576	525	0.017688
359	4060	526	0.017648
359	4825	527	0.017647
359	1699	528	0.017642
359	3742	529	0.017608
359	3077	530	0.017587
359	4921	531	0.017567
359	5317	532	0.017545
359	1265	533	0.017500
359	821	534	0.017487
359	4240	535	0.017441
359	2102	536	0.017429
359	4433	537	0.017413
359	1343	538	0.017311
359	5111	539	0.017294
359	4552	540	0.017279
359	3438	541	0.017218
359	3768	542	0.017207
359	34	543	0.017165
359	3005	544	0.017045
359	5098	545	0.017028
359	4664	546	0.016995
359	1763	547	0.016987
359	3407	548	0.016982
359	3342	549	0.016979
359	3094	550	0.016970
359	187	551	0.016917
359	5137	552	0.016874
359	2451	553	0.016859
359	903	554	0.016845
359	1499	555	0.016838
359	3576	556	0.016831
359	4140	557	0.016829
359	1868	558	0.016754
359	3578	559	0.016713
359	4889	560	0.016704
359	282	561	0.016673
359	640	562	0.016633
359	3256	563	0.016630
359	1495	564	0.016621
359	216	565	0.016610
359	4040	566	0.016596
359	4614	567	0.016537
359	210	568	0.016492
359	27	569	0.016469
359	3833	570	0.016448
359	1154	571	0.016435
359	1682	572	0.016432
359	2539	573	0.016366
359	2514	574	0.016343
359	3499	575	0.016312
359	3336	576	0.016297
359	1526	577	0.016294
359	2336	578	0.016289
359	2299	579	0.016288
359	550	580	0.016281
359	2223	581	0.016253
359	1389	582	0.016247
359	1124	583	0.016244
359	1122	584	0.016228
359	1971	585	0.016228
359	1546	586	0.016223
359	976	587	0.016197
359	36	588	0.016160
359	4353	589	0.016112
359	3654	590	0.016091
359	2230	591	0.016069
359	5035	592	0.016049
359	2776	593	0.016046
359	3623	594	0.016032
359	2027	595	0.016020
359	4907	596	0.015989
359	4278	597	0.015985
359	3468	598	0.015965
359	2636	599	0.015905
359	2341	600	0.015861
359	1123	601	0.015854
359	5231	602	0.015731
359	4117	603	0.015726
359	1029	604	0.015708
359	1371	605	0.015640
359	2438	606	0.015639
359	1691	607	0.015625
359	1541	608	0.015612
359	336	609	0.015547
359	4902	610	0.015530
359	853	611	0.015498
359	3417	612	0.015391
359	4059	613	0.015325
359	521	614	0.015324
359	2700	615	0.015280
359	1623	616	0.015278
359	3804	617	0.015266
359	151	618	0.015246
359	1539	619	0.015226
359	3876	620	0.015218
359	FT911-3323	621	0.015191
359	912	622	0.015177
359	2181	623	0.015140
359	1191	624	0.015137
359	2833	625	0.015091
359	1741	626	0.015066
359	2436	627	0.015045
359	1616	628	0.015001
359	3726	629	0.014973
359	1408	630	0.014953
359	904	631	0.014884
359	2185	632	0.014870
359	4863	633	0.014823
359	3004	634	0.014804
359	2320	635	0.014787
359	2535	636	0.014740
359	3259	637	0.014681
359	1316	638	0.014665
359	5232	639	0.014658
359	12	640	0.014634
359	4720	641	0.014599
359	4657	642	0.014573
359	4901	643	0.014529
359	157	644	0.014521
359	1815	645	0.014484
359	3672	646	0.014476
359	3585	647	0.014472
359	4092	648	0.014417
359	1792	649	0.014408
359	548	650	0.014358
359	4531	651	0.014339
359	1966	652	0.014267
359	3927	653	0.014214
359	1831	654	0.014200
359	3787	655	0.014191
359	4839	656	0.014180
359	4058	657	0.014177
359	5206	658	0.014154
359	949	659	0.014138
359	3711	660	0.014123
359	2922	661	0.014091
359	2205	662	0.014068
359	5102	663	0.014039
359	1070	664	0.014038
359	4702	665	0.014006
359	727	666	0.013952
359	1642	667	0.013932
359	4015	668	0.013923
359	2987	669	0.013911
359	3491	670	0.013859
359	564	671	0.013828
359	1946	672	0.013790
359	5176	673	0.013708
359	760	674	0.013701
359	4981	675	0.013620
359	845	676	0.013608
359	2561	677	0.013594
359	810	678	0.013572
359	4005	679	0.013528
359	5116	680	0.013512
359	2064	681	0.013480
359	2545	682	0.013429
359	2674	683	0.013250
359	4177	684	0.013183
359	4625	685	0.013168
359	2723	686	0.013156
359	1924	687	0.013154
359	1411	688	0.013134
359	2556	689	0.013099
359	3655	690	0.013087
359	1531	691	0.013076
359	5359	692	0.013030
359	3003	693	0.012994
359	2624	694	0.012694
359	4869	695	0.012684
359	585	696	0.012619
359	401	697	0.012538
359	4076	698	0.012529
359	2893	699	0.012508
359	143	700	0.012500
359	4225	701	0.012462
359	755	702	0.012440
359	2996	703	0.012374
359	4009	704	0.012357
359	2082	705	0.012341
359	5038	706	0.012303
359	4798	707	0.012281
359	1092	708	0.012221
359	3187	709	0.012213
359	1945	710	0.012192
359	2625	711	0.012158
359	3432	712	0.012115
359	1405	713	0.012111
359	439	714	0.012071
359	3304	715	0.011925
359	3484	716	0.011895
359	3018	717	0.011892
359	2650	718	0.011887
359	4025	719	0.011777
359	2915	720	0.011765
359	1522	721	0.011750
359	1248	722	0.011723
359	4216	723	0.011693
359	4463	724	0.011530
359	21	725	0.011486
359	5185	726	0.011483
359	3008	727	0.011480
359	3395	728	0.011430
359	2962	729	0.011416
359	1715	730	0.011393
359	3154	731	0.011345
359	1314	732	0.011318
359	1535	733	0.011297
359	4553	734	0.011293
359	2692	735	0.011285
359	2069	736	0.011275
359	4102	737	0.011265
359	4790	738	0.011224
359	2067	739	0.011197
359	3402	740	0.011179
359	2853	741	0.011095
359	2334	742	0.011070
359	5052	743	0.011069
359	2851	744	0.011059
359	3450	745	0.011035
359	3418	746	0.011021
359	4103	747	0.011001
359	4134	748	0.010976
359	3535	749	0.010955
359	540	750	0.010918
359	248	751	0.010911
359	1689	752	0.010879
359	3570	753	0.010848
359	3362	754	0.010848
359	141	755	0.010800
359	1226	756	0.010797
359	4970	757	0.010763
359	3791	758	0.010761
359	328	759	0.010713
359	2368	760	0.010679
359	4794	761	0.010679
359	1950	762	0.010658
359	2991	763	0.010653
359	842	764	0.010641
359	2548	765	0.010607
359	2698	766	0.010555
359	3795	767	0.010553
359	4487	768	0.010516
359	5338	769	0.010472
359	3023	770	0.010469
359	2053	771	0.010460
359	169	772	0.010445
359	902	773	0.010443
359	3567	774	0.010430
359	1962	775	0.010420
359	1247	776	0.010386
359	1318	777	0.010375
359	4318	778	0.010372
359	3543	779	0.010331
359	5036	780	0.010314
359	370	781	0.010222
359	5294	782	0.010182
359	3947	783	0.010167
359	1534	784	0.010155
359	1954	785	0.010128
359	756	786	0.010115
359	5041	787	0.010083
359	1241	788	0.010011
359	4894	789	0.010011
359	312	790	0.009980
359	3782	791	0.009953
359	1581	792	0.009950
359	1042	793	0.009946
359	4186	794	0.009904
359	4797	795	0.009870
359	265	796	0.009859
359	3793	797	0.009760
359	2951	798	0.009717
359	374	799	0.009628
359	2551	800	0.009617
359	4753	801	0.009500
359	5103	802	0.009419
359	4791	803	0.009416
359	354	804	0.009304
359	3156	805	0.009292
359	4017	806	0.009283
359	1681	807	0.009254
359	2543	808	0.009253
359	5350	809	0.009238
359	311	810	0.009208
359	1109	811	0.009181
359	4263	812	0.009152
359	377	813	0.009123
359	1595	814	0.009112
359	1455	815	0.009070
359	3918	816	0.009040
359	186	817	0.008977
359	4193	818	0.008969
359	466	819	0.008939
359	5015	820	0.008937
359	1979	821	0.008890
359	1780	822	0.008879
359	3435	823	0.008847
359	4458	824	0.008830
359	3792	825	0.008821
359	3897	826	0.008816
359	770	827	0.008777
359	3443	828	0.008746
359	3693	829	0.008723
359	4890	830	0.008705
359	4801	831	0.008702
359	1063	832	0.008674
359	3408	833	0.008671
359	2823	834	0.008621
359	1006	835	0.008611
359	3437	836	0.008592
359	380	837	0.008589
359	4190	838	0.008557
359	3786	839	0.008554
359	414	840	0.008540
359	351	841	0.008516
359	4663	842	0.008483
359	1304	843	0.008356
359	4384	844	0.008288
359	3907	845	0.008272
359	5042	846	0.008267
359	241	847	0.008231
359	498	848	0.008100
359	1773	849	0.007992
359	4067	850	0.007905
359	2620	851	0.007874
359	3398	852	0.007870
359	3006	853	0.007719
359	1223	854	0.007709
359	383	855	0.007684
359	2809	856	0.007684
359	1508	857	0.007645
359	1501	858	0.007634
359	5177	859	0.007587
359	133	860	0.007561
359	855	861	0.007522
359	188	862	0.007278
359	1078	863	0.007240
359	382	864	0.007067
359	478	865	0.007058
359	3446	866	0.007000
359	2118	867	0.006510
359	1617	868	0.006024
359	484	869	0.005908
359	3459	870	0.005463
359	1370	871	0.005021
359	4057	872	0.004598
359	2661	873	0.003788
