352	FT911-39	1	1.000000
352	FT911-56	2	1.000000
352	FT911-131	3	1.000000
352	FT911-133	4	1.000000
352	FT911-137	5	1.000000
352	FT911-404	6	1.000000
352	FT911-794	7	1.000000
352	FT911-1078	8	1.000000
352	FT911-1407	9	1.000000
352	FT911-1488	10	1.000000
352	FT911-1651	11	1.000000
352	FT911-2300	12	1.000000
352	FT911-2457	13	1.000000
352	FT911-2652	14	1.000000
352	FT911-2803	15	1.000000
352	FT911-2948	16	1.000000
352	FT911-3006	17	1.000000
352	FT911-3153	18	1.000000
352	FT911-3261	19	1.000000
352	FT911-3345	20	1.000000
352	FT911-3618	21	1.000000
352	FT911-3645	22	1.000000
352	FT911-3910	23	1.000000
352	FT911-4040	24	1.000000
352	FT911-4043	25	1.000000
352	FT911-4059	26	1.000000
352	FT911-4095	27	1.000000
352	FT911-4317	28	1.000000
352	FT911-4649	29	1.000000
352	FT911-4784	30	1.000000
352	FT911-4786	31	1.000000
352	FT911-417	32	1.000000
352	FT911-4561	33	1.000000
352	FT911-3503	34	0.987115
352	FT911-519	35	0.980488
352	FT911-1062	36	0.980488
352	FT911-3936	37	0.980488
352	FT911-5179	38	0.979070
352	FT911-910	39	0.968438
352	FT911-1436	40	0.968438
352	FT911-1462	41	0.968438
352	FT911-1595	42	0.968438
352	FT911-3050	43	0.968438
352	FT911-3641	44	0.968438
352	FT911-3947	45	0.968438
352	FT911-4741	46	0.968438
352	FT911-4814	47	0.968438
352	FT911-328	48	0.936446
352	FT911-2756	49	0.936446
352	FT911-4641	50	0.936446
352	FT911-91	51	0.913002
352	FT911-1768	52	0.913002
352	FT911-3432	53	0.913002
352	FT911-5186	54	0.913002
352	FT911-4067	55	0.895280
352	FT911-2661	56	0.881326
352	FT911-3923	57	0.861027
352	FT911-21	58	0.861027
352	FT911-125	59	0.861027
352	FT911-194	60	0.861027
352	FT911-241	61	0.861027
352	FT911-287	62	0.861027
352	FT911-335	63	0.861027
352	FT911-338	64	0.861027
352	FT911-341	65	0.861027
352	FT911-366	66	0.861027
352	FT911-374	67	0.861027
352	FT911-399	68	0.861027
352	FT911-460	69	0.861027
352	FT911-506	70	0.861027
352	FT911-510	71	0.861027
352	FT911-530	72	0.861027
352	FT911-535	73	0.861027
352	FT911-540	74	0.861027
352	FT911-552	75	0.861027
352	FT911-635	76	0.861027
352	FT911-680	77	0.861027
352	FT911-705	78	0.861027
352	FT911-721	79	0.861027
352	FT911-800	80	0.861027
352	FT911-804	81	0.861027
352	FT911-808	82	0.861027
352	FT911-834	83	0.861027
352	FT911-842	84	0.861027
352	FT911-902	85	0.861027
352	FT911-951	86	0.861027
352	FT911-967	87	0.861027
352	FT911-977	88	0.861027
352	FT911-1066	89	0.861027
352	FT911-1087	90	0.861027
352	FT911-1114	91	0.861027
352	FT911-1174	92	0.861027
352	FT911-1194	93	0.861027
352	FT911-1222	94	0.861027
352	FT911-1223	95	0.861027
352	FT911-1243	96	0.861027
352	FT911-1297	97	0.861027
352	FT911-1384	98	0.861027
352	FT911-1481	99	0.861027
352	FT911-1492	100	0.861027
352	FT911-1496	101	0.861027
352	FT911-1563	102	0.861027
352	FT911-1576	103	0.861027
352	FT911-1619	104	0.861027
352	FT911-1653	105	0.861027
352	FT911-1674	106	0.861027
352	FT911-1689	107	0.861027
352	FT911-1760	108	0.861027
352	FT911-1845	109	0.861027
352	FT911-1856	110	0.861027
352	FT911-1857	111	0.861027
352	FT911-1964	112	0.861027
352	FT911-2002	113	0.861027
352	FT911-2005	114	0.861027
352	FT911-2014	115	0.861027
352	FT911-2018	116	0.861027
352	FT911-2032	117	0.861027
352	FT911-2046	118	0.861027
352	FT911-2052	119	0.861027
352	FT911-2054	120	0.861027
352	FT911-2093	121	0.861027
352	FT911-2095	122	0.861027
352	FT911-2131	123	0.861027
352	FT911-2176	124	0.861027
352	FT911-2192	125	0.861027
352	FT911-2218	126	0.861027
352	FT911-2267	127	0.861027
352	FT911-2279	128	0.861027
352	FT911-2280	129	0.861027
352	FT911-2395	130	0.861027
352	FT911-2407	131	0.861027
352	FT911-2451	132	0.861027
352	FT911-2453	133	0.861027
352	FT911-2468	134	0.861027
352	FT911-2484	135	0.861027
352	FT911-2514	136	0.861027
352	FT911-2519	137	0.861027
352	FT911-2560	138	0.861027
352	FT911-2573	139	0.861027
352	FT911-2621	140	0.861027
352	FT911-2622	141	0.861027
352	FT911-2634	142	0.861027
352	FT911-2635	143	0.861027
352	FT911-2650	144	0.861027
352	FT911-2657	145	0.861027
352	FT911-2693	146	0.861027
352	FT911-2699	147	0.861027
352	FT911-2700	148	0.861027
352	FT911-2763	149	0.861027
352	FT911-2767	150	0.861027
352	FT911-2828	151	0.861027
352	FT911-2831	152	0.861027
352	FT911-2832	153	0.861027
352	FT911-2835	154	0.861027
352	FT911-2853	155	0.861027
352	FT911-2919	156	0.861027
352	FT911-2929	157	0.861027
352	FT911-2931	158	0.861027
352	FT911-2934	159	0.861027
352	FT911-2968	160	0.861027
352	FT911-2991	161	0.861027
352	FT911-3052	162	0.861027
352	FT911-3053	163	0.861027
352	FT911-3059	164	0.861027
352	FT911-3079	165	0.861027
352	FT911-3091	166	0.861027
352	FT911-3149	167	0.861027
352	FT911-3157	168	0.861027
352	FT911-3191	169	0.861027
352	FT911-3194	170	0.861027
352	FT911-3215	171	0.861027
352	FT911-3220	172	0.861027
352	FT911-3241	173	0.861027
352	FT911-3246	174	0.861027
352	FT911-3259	175	0.861027
352	FT911-3312	176	0.861027
352	FT911-3322	177	0.861027
352	FT911-3387	178	0.861027
352	FT911-3393	179	0.861027
352	FT911-3410	180	0.861027
352	FT911-3437	181	0.861027
352	FT911-3438	182	0.861027
352	FT911-3441	183	0.861027
352	FT911-3446	184	0.861027
352	FT911-3478	185	0.861027
352	FT911-3491	186	0.861027
352	FT911-3493	187	0.861027
352	FT911-3494	188	0.861027
352	FT911-3527	189	0.861027
352	FT911-3534	190	0.861027
352	FT911-3535	191	0.861027
352	FT911-3561	192	0.861027
352	FT911-3605	193	0.861027
352	FT911-3638	194	0.861027
352	FT911-3642	195	0.861027
352	FT911-3673	196	0.861027
352	FT911-3700	197	0.861027
352	FT911-3708	198	0.861027
352	FT911-3710	199	0.861027
352	FT911-3713	200	0.861027
352	FT911-3726	201	0.861027
352	FT911-3775	202	0.861027
352	FT911-3783	203	0.861027
352	FT911-3785	204	0.861027
352	FT911-3786	205	0.861027
352	FT911-3818	206	0.861027
352	FT911-3866	207	0.861027
352	FT911-3867	208	0.861027
352	FT911-3921	209	0.861027
352	FT911-3922	210	0.861027
352	FT911-3929	211	0.861027
352	FT911-3933	212	0.861027
352	FT911-3978	213	0.861027
352	FT911-4031	214	0.861027
352	FT911-4033	215	0.861027
352	FT911-4053	216	0.861027
352	FT911-4066	217	0.861027
352	FT911-4074	218	0.861027
352	FT911-4164	219	0.861027
352	FT911-4177	220	0.861027
352	FT911-4227	221	0.861027
352	FT911-4293	222	0.861027
352	FT911-4309	223	0.861027
352	FT911-4337	224	0.861027
352	FT911-4362	225	0.861027
352	FT911-4381	226	0.861027
352	FT911-4386	227	0.861027
352	FT911-4421	228	0.861027
352	FT911-4438	229	0.861027
352	FT911-4447	230	0.861027
352	FT911-4479	231	0.861027
352	FT911-4518	232	0.861027
352	FT911-4519	233	0.861027
352	FT911-4588	234	0.861027
352	FT911-4642	235	0.861027
352	FT911-4665	236	0.861027
352	FT911-4668	237	0.861027
352	FT911-4687	238	0.861027
352	FT911-4701	239	0.861027
352	FT911-4748	240	0.861027
352	FT911-4767	241	0.861027
352	FT911-4792	242	0.861027
352	FT911-4799	243	0.861027
352	FT911-4812	244	0.861027
352	FT911-4816	245	0.861027
352	FT911-4818	246	0.861027
352	FT911-4821	247	0.861027
352	FT911-4896	248	0.861027
352	FT911-4914	249	0.861027
352	FT911-4947	250	0.861027
352	FT911-4970	251	0.861027
352	FT911-4986	252	0.861027
352	FT911-5019	253	0.861027
352	FT911-5022	254	0.861027
352	FT911-5027	255	0.861027
352	FT911-5058	256	0.861027
352	FT911-5098	257	0.861027
352	FT911-5153	258	0.861027
352	FT911-5189	259	0.861027
352	FT911-5200	260	0.861027
352	FT911-5238	261	0.861027
352	FT911-5319	262	0.861027
352	FT911-5332	263	0.861027
352	FT911-3370	264	0.845354
352	FT911-1	265	0.508560
352	FT911-42	266	0.508560
352	FT911-46	267	0.508560
352	FT911-48	268	0.508560
352	FT911-53	269	0.508560
352	FT911-54	270	0.508560
352	FT911-55	271	0.508560
352	FT911-60	272	0.508560
352	FT911-63	273	0.508560
352	FT911-75	274	0.508560
352	FT911-78	275	0.508560
352	FT911-84	276	0.508560
352	FT911-95	277	0.508560
352	FT911-97	278	0.508560
352	FT911-105	279	0.508560
352	FT911-106	280	0.508560
352	FT911-115	281	0.508560
352	FT911-139	282	0.508560
352	FT911-141	283	0.508560
352	FT911-144	284	0.508560
352	FT911-156	285	0.508560
352	FT911-165	286	0.508560
352	FT911-182	287	0.508560
352	FT911-188	288	0.508560
352	FT911-199	289	0.508560
352	FT911-208	290	0.508560
352	FT911-213	291	0.508560
352	FT911-251	292	0.508560
352	FT911-252	293	0.508560
352	FT911-253	294	0.508560
352	FT911-256	295	0.508560
352	FT911-259	296	0.508560
352	FT911-273	297	0.508560
352	FT911-274	298	0.508560
352	FT911-277	299	0.508560
352	FT911-279	300	0.508560
352	FT911-281	301	0.508560
352	FT911-284	302	0.508560
352	FT911-285	303	0.508560
352	FT911-289	304	0.508560
352	FT911-306	305	0.508560
352	FT911-307	306	0.508560
352	FT911-331	307	0.508560
352	FT911-346	308	0.508560
352	FT911-348	309	0.508560
352	FT911-351	310	0.508560
352	FT911-352	311	0.508560
352	FT911-367	312	0.508560
352	FT911-369	313	0.508560
352	FT911-371	314	0.508560
352	FT911-375	315	0.508560
352	FT911-376	316	0.508560
352	FT911-377	317	0.508560
352	FT911-379	318	0.508560
352	FT911-381	319	0.508560
352	FT911-382	320	0.508560
352	FT911-389	321	0.508560
352	FT911-397	322	0.508560
352	FT911-400	323	0.508560
352	FT911-401	324	0.508560
352	FT911-413	325	0.508560
352	FT911-419	326	0.508560
352	FT911-420	327	0.508560
352	FT911-429	328	0.508560
352	FT911-433	329	0.508560
352	FT911-435	330	0.508560
352	FT911-437	331	0.508560
352	FT911-438	332	0.508560
352	FT911-458	333	0.508560
352	FT911-470	334	0.508560
352	FT911-473	335	0.508560
352	FT911-476	336	0.508560
352	FT911-477	337	0.508560
352	FT911-478	338	0.508560
352	FT911-480	339	0.508560
352	FT911-481	340	0.508560
352	FT911-482	341	0.508560
352	FT911-485	342	0.508560
352	FT911-490	343	0.508560
352	FT911-495	344	0.508560
352	FT911-500	345	0.508560
352	FT911-504	346	0.508560
352	FT911-520	347	0.508560
352	FT911-521	348	0.508560
352	FT911-533	349	0.508560
352	FT911-537	350	0.508560
352	FT911-555	351	0.508560
352	FT911-559	352	0.508560
352	FT911-563	353	0.508560
352	FT911-565	354	0.508560
352	FT911-584	355	0.508560
352	FT911-585	356	0.508560
352	FT911-586	357	0.508560
352	FT911-601	358	0.508560
352	FT911-606	359	0.508560
352	FT911-608	360	0.508560
352	FT911-613	361	0.508560
352	FT911-614	362	0.508560
352	FT911-619	363	0.508560
352	FT911-624	364	0.508560
352	FT911-625	365	0.508560
352	FT911-628	366	0.508560
352	FT911-632	367	0.508560
352	FT911-650	368	0.508560
352	FT911-654	369	0.508560
352	FT911-655	370	0.508560
352	FT911-658	371	0.508560
352	FT911-659	372	0.508560
352	FT911-660	373	0.508560
352	FT911-661	374	0.508560
352	FT911-663	375	0.508560
352	FT911-664	376	0.508560
352	FT911-679	377	0.508560
352	FT911-736	378	0.508560
352	FT911-738	379	0.508560
352	FT911-746	380	0.508560
352	FT911-750	381	0.508560
352	FT911-753	382	0.508560
352	FT911-755	383	0.508560
352	FT911-760	384	0.508560
352	FT911-765	385	0.508560
352	FT911-766	386	0.508560
352	FT911-783	387	0.508560
352	FT911-787	388	0.508560
352	FT911-788	389	0.508560
352	FT911-789	390	0.508560
352	FT911-795	391	0.508560
352	FT911-798	392	0.508560
352	FT911-805	393	0.508560
352	FT911-806	394	0.508560
352	FT911-807	395	0.508560
352	FT911-828	396	0.508560
352	FT911-845	397	0.508560
352	FT911-847	398	0.508560
352	FT911-853	399	0.508560
352	FT911-857	400	0.508560
352	FT911-859	401	0.508560
352	FT911-865	402	0.508560
352	FT911-870	403	0.508560
352	FT911-872	404	0.508560
352	FT911-875	405	0.508560
352	FT911-900	406	0.508560
352	FT911-908	407	0.508560
352	FT911-916	408	0.508560
352	FT911-924	409	0.508560
352	FT911-925	410	0.508560
352	FT911-932	411	0.508560
352	FT911-968	412	0.508560
352	FT911-976	413	0.508560
352	FT911-982	414	0.508560
352	FT911-992	415	0.508560
352	FT911-994	416	0.508560
352	FT911-1002	417	0.508560
352	FT911-1003	418	0.508560
352	FT911-1031	419	0.508560
352	FT911-1042	420	0.508560
352	FT911-1043	421	0.508560
352	FT911-1065	422	0.508560
352	FT911-1067	423	0.508560
352	FT911-1077	424	0.508560
352	FT911-1079	425	0.508560
352	FT911-1084	426	0.508560
352	FT911-1089	427	0.508560
352	FT911-1091	428	0.508560
352	FT911-1098	429	0.508560
352	FT911-1102	430	0.508560
352	FT911-1104	431	0.508560
352	FT911-1118	432	0.508560
352	FT911-1122	433	0.508560
352	FT911-1124	434	0.508560
352	FT911-1134	435	0.508560
352	FT911-1135	436	0.508560
352	FT911-1148	437	0.508560
352	FT911-1192	438	0.508560
352	FT911-1198	439	0.508560
352	FT911-1199	440	0.508560
352	FT911-1200	441	0.508560
352	FT911-1201	442	0.508560
352	FT911-1207	443	0.508560
352	FT911-1210	444	0.508560
352	FT911-1218	445	0.508560
352	FT911-1230	446	0.508560
352	FT911-1260	447	0.508560
352	FT911-1261	448	0.508560
352	FT911-1266	449	0.508560
352	FT911-1275	450	0.508560
352	FT911-1287	451	0.508560
352	FT911-1296	452	0.508560
352	FT911-1307	453	0.508560
352	FT911-1314	454	0.508560
352	FT911-1315	455	0.508560
352	FT911-1325	456	0.508560
352	FT911-1337	457	0.508560
352	FT911-1344	458	0.508560
352	FT911-1352	459	0.508560
352	FT911-1353	460	0.508560
352	FT911-1360	461	0.508560
352	FT911-1362	462	0.508560
352	FT911-1370	463	0.508560
352	FT911-1372	464	0.508560
352	FT911-1373	465	0.508560
352	FT911-1374	466	0.508560
352	FT911-1378	467	0.508560
352	FT911-1379	468	0.508560
352	FT911-1400	469	0.508560
352	FT911-1406	470	0.508560
352	FT911-1418	471	0.508560
352	FT911-1427	472	0.508560
352	FT911-1432	473	0.508560
352	FT911-1437	474	0.508560
352	FT911-1438	475	0.508560
352	FT911-1444	476	0.508560
352	FT911-1474	477	0.508560
352	FT911-1477	478	0.508560
352	FT911-1478	479	0.508560
352	FT911-1482	480	0.508560
352	FT911-1486	481	0.508560
352	FT911-1487	482	0.508560
352	FT911-1490	483	0.508560
352	FT911-1491	484	0.508560
352	FT911-1499	485	0.508560
352	FT911-1500	486	0.508560
352	FT911-1501	487	0.508560
352	FT911-1502	488	0.508560
352	FT911-1503	489	0.508560
352	FT911-1508	490	0.508560
352	FT911-1509	491	0.508560
352	FT911-1512	492	0.508560
352	FT911-1518	493	0.508560
352	FT911-1519	494	0.508560
352	FT911-1538	495	0.508560
352	FT911-1539	496	0.508560
352	FT911-1550	497	0.508560
352	FT911-1553	498	0.508560
352	FT911-1555	499	0.508560
352	FT911-1566	500	0.508560
352	FT911-1567	501	0.508560
352	FT911-1573	502	0.508560
352	FT911-1575	503	0.508560
352	FT911-1578	504	0.508560
352	FT911-1581	505	0.508560
352	FT911-1582	506	0.508560
352	FT911-1587	507	0.508560
352	FT911-1596	508	0.508560
352	FT911-1598	509	0.508560
352	FT911-1614	510	0.508560
352	FT911-1615	511	0.508560
352	FT911-1617	512	0.508560
352	FT911-1629	513	0.508560
352	FT911-1634	514	0.508560
352	FT911-1652	515	0.508560
352	FT911-1663	516	0.508560
352	FT911-1664	517	0.508560
352	FT911-1666	518	0.508560
352	FT911-1668	519	0.508560
352	FT911-1671	520	0.508560
352	FT911-1673	521	0.508560
352	FT911-1675	522	0.508560
352	FT911-1681	523	0.508560
352	FT911-1682	524	0.508560
352	FT911-1691	525	0.508560
352	FT911-1694	526	0.508560
352	FT911-1695	527	0.508560
352	FT911-1699	528	0.508560
352	FT911-1712	529	0.508560
352	FT911-1715	530	0.508560
352	FT911-1766	531	0.508560
352	FT911-1771	532	0.508560
352	FT911-1773	533	0.508560
352	FT911-1774	534	0.508560
352	FT911-1781	535	0.508560
352	FT911-1790	536	0.508560
352	FT911-1804	537	0.508560
352	FT911-1828	538	0.508560
352	FT911-1831	539	0.508560
352	FT911-1863	540	0.508560
352	FT911-1868	541	0.508560
352	FT911-1869	542	0.508560
352	FT911-1872	543	0.508560
352	FT911-1879	544	0.508560
352	FT911-1880	545	0.508560
352	FT911-1882	546	0.508560
352	FT911-1885	547	0.508560
352	FT911-1888	548	0.508560
352	FT911-1901	549	0.508560
352	FT911-1912	550	0.508560
352	FT911-1918	551	0.508560
352	FT911-1919	552	0.508560
352	FT911-1921	553	0.508560
352	FT911-1925	554	0.508560
352	FT911-1926	555	0.508560
352	FT911-1930	556	0.508560
352	FT911-1934	557	0.508560
352	FT911-1941	558	0.508560
352	FT911-1943	559	0.508560
352	FT911-1944	560	0.508560
352	FT911-1949	561	0.508560
352	FT911-1958	562	0.508560
352	FT911-1971	563	0.508560
352	FT911-1982	564	0.508560
352	FT911-1984	565	0.508560
352	FT911-1986	566	0.508560
352	FT911-2015	567	0.508560
352	FT911-2028	568	0.508560
352	FT911-2029	569	0.508560
352	FT911-2040	570	0.508560
352	FT911-2041	571	0.508560
352	FT911-2042	572	0.508560
352	FT911-2048	573	0.508560
352	FT911-2060	574	0.508560
352	FT911-2062	575	0.508560
352	FT911-2066	576	0.508560
352	FT911-2082	577	0.508560
352	FT911-2087	578	0.508560
352	FT911-2107	579	0.508560
352	FT911-2114	580	0.508560
352	FT911-2116	581	0.508560
352	FT911-2118	582	0.508560
352	FT911-2125	583	0.508560
352	FT911-2126	584	0.508560
352	FT911-2144	585	0.508560
352	FT911-2145	586	0.508560
352	FT911-2152	587	0.508560
352	FT911-2154	588	0.508560
352	FT911-2164	589	0.508560
352	FT911-2166	590	0.508560
352	FT911-2179	591	0.508560
352	FT911-2180	592	0.508560
352	FT911-2183	593	0.508560
352	FT911-2185	594	0.508560
352	FT911-2195	595	0.508560
352	FT911-2196	596	0.508560
352	FT911-2197	597	0.508560
352	FT911-2201	598	0.508560
352	FT911-2204	599	0.508560
352	FT911-2205	600	0.508560
352	FT911-2206	601	0.508560
352	FT911-2223	602	0.508560
352	FT911-2244	603	0.508560
352	FT911-2260	604	0.508560
352	FT911-2270	605	0.508560
352	FT911-2271	606	0.508560
352	FT911-2273	607	0.508560
352	FT911-2274	608	0.508560
352	FT911-2281	609	0.508560
352	FT911-2284	610	0.508560
352	FT911-2286	611	0.508560
352	FT911-2289	612	0.508560
352	FT911-2290	613	0.508560
352	FT911-2292	614	0.508560
352	FT911-2306	615	0.508560
352	FT911-2332	616	0.508560
352	FT911-2334	617	0.508560
352	FT911-2343	618	0.508560
352	FT911-2349	619	0.508560
352	FT911-2371	620	0.508560
352	FT911-2373	621	0.508560
352	FT911-2375	622	0.508560
352	FT911-2376	623	0.508560
352	FT911-2380	624	0.508560
352	FT911-2389	625	0.508560
352	FT911-2391	626	0.508560
352	FT911-2405	627	0.508560
352	FT911-2415	628	0.508560
352	FT911-2423	629	0.508560
352	FT911-2447	630	0.508560
352	FT911-2459	631	0.508560
352	FT911-2460	632	0.508560
352	FT911-2461	633	0.508560
352	FT911-2469	634	0.508560
352	FT911-2473	635	0.508560
352	FT911-2518	636	0.508560
352	FT911-2520	637	0.508560
352	FT911-2521	638	0.508560
352	FT911-2522	639	0.508560
352	FT911-2528	640	0.508560
352	FT911-2530	641	0.508560
352	FT911-2539	642	0.508560
352	FT911-2540	643	0.508560
352	FT911-2552	644	0.508560
352	FT911-2568	645	0.508560
352	FT911-2569	646	0.508560
352	FT911-2570	647	0.508560
352	FT911-2572	648	0.508560
352	FT911-2576	649	0.508560
352	FT911-2580	650	0.508560
352	FT911-2584	651	0.508560
352	FT911-2599	652	0.508560
352	FT911-2602	653	0.508560
352	FT911-2616	654	0.508560
352	FT911-2617	655	0.508560
352	FT911-2618	656	0.508560
352	FT911-2639	657	0.508560
352	FT911-2644	658	0.508560
352	FT911-2645	659	0.508560
352	FT911-2648	660	0.508560
352	FT911-2654	661	0.508560
352	FT911-2660	662	0.508560
352	FT911-2669	663	0.508560
352	FT911-2672	664	0.508560
352	FT911-2711	665	0.508560
352	FT911-2718	666	0.508560
352	FT911-2720	667	0.508560
352	FT911-2722	668	0.508560
352	FT911-2725	669	0.508560
352	FT911-2740	670	0.508560
352	FT911-2741	671	0.508560
352	FT911-2742	672	0.508560
352	FT911-2750	673	0.508560
352	FT911-2772	674	0.508560
352	FT911-2774	675	0.508560
352	FT911-2779	676	0.508560
352	FT911-2785	677	0.508560
352	FT911-2786	678	0.508560
352	FT911-2790	679	0.508560
352	FT911-2792	680	0.508560
352	FT911-2795	681	0.508560
352	FT911-2796	682	0.508560
352	FT911-2800	683	0.508560
352	FT911-2801	684	0.508560
352	FT911-2818	685	0.508560
352	FT911-2819	686	0.508560
352	FT911-2829	687	0.508560
352	FT911-2843	688	0.508560
352	FT911-2858	689	0.508560
352	FT911-2864	690	0.508560
352	FT911-2866	691	0.508560
352	FT911-2874	692	0.508560
352	FT911-2876	693	0.508560
352	FT911-2882	694	0.508560
352	FT911-2896	695	0.508560
352	FT911-2915	696	0.508560
352	FT911-2916	697	0.508560
352	FT911-2936	698	0.508560
352	FT911-2942	699	0.508560
352	FT911-2949	700	0.508560
352	FT911-2951	701	0.508560
352	FT911-2952	702	0.508560
352	FT911-2954	703	0.508560
352	FT911-2956	704	0.508560
352	FT911-2962	705	0.508560
352	FT911-2970	706	0.508560
352	FT911-2981	707	0.508560
352	FT911-2984	708	0.508560
352	FT911-2985	709	0.508560
352	FT911-2989	710	0.508560
352	FT911-2992	711	0.508560
352	FT911-2994	712	0.508560
352	FT911-2996	713	0.508560
352	FT911-3009	714	0.508560
352	FT911-3017	715	0.508560
352	FT911-3019	716	0.508560
352	FT911-3020	717	0.508560
352	FT911-3024	718	0.508560
352	FT911-3038	719	0.508560
352	FT911-3063	720	0.508560
352	FT911-3095	721	0.508560
352	FT911-3100	722	0.508560
352	FT911-3104	723	0.508560
352	FT911-3106	724	0.508560
352	FT911-3109	725	0.508560
352	FT911-3119	726	0.508560
352	FT911-3132	727	0.508560
352	FT911-3133	728	0.508560
352	FT911-3134	729	0.508560
352	FT911-3144	730	0.508560
352	FT911-3152	731	0.508560
352	FT911-3154	732	0.508560
352	FT911-3159	733	0.508560
352	FT911-3164	734	0.508560
352	FT911-3165	735	0.508560
352	FT911-3166	736	0.508560
352	FT911-3168	737	0.508560
352	FT911-3170	738	0.508560
352	FT911-3186	739	0.508560
352	FT911-3187	740	0.508560
352	FT911-3229	741	0.508560
352	FT911-3230	742	0.508560
352	FT911-3232	743	0.508560
352	FT911-3233	744	0.508560
352	FT911-3236	745	0.508560
352	FT911-3243	746	0.508560
352	FT911-3249	747	0.508560
352	FT911-3253	748	0.508560
352	FT911-3254	749	0.508560
352	FT911-3269	750	0.508560
352	FT911-3273	751	0.508560
352	FT911-3276	752	0.508560
352	FT911-3280	753	0.508560
352	FT911-3288	754	0.508560
352	FT911-3289	755	0.508560
352	FT911-3302	756	0.508560
352	FT911-3332	757	0.508560
352	FT911-3339	758	0.508560
352	FT911-3344	759	0.508560
352	FT911-3349	760	0.508560
352	FT911-3354	761	0.508560
352	FT911-3358	762	0.508560
352	FT911-3360	763	0.508560
352	FT911-3361	764	0.508560
352	FT911-3367	765	0.508560
352	FT911-3369	766	0.508560
352	FT911-3371	767	0.508560
352	FT911-3372	768	0.508560
352	FT911-3373	769	0.508560
352	FT911-3379	770	0.508560
352	FT911-3385	771	0.508560
352	FT911-3395	772	0.508560
352	FT911-3401	773	0.508560
352	FT911-3403	774	0.508560
352	FT911-3414	775	0.508560
352	FT911-3415	776	0.508560
352	FT911-3417	777	0.508560
352	FT911-3433	778	0.508560
352	FT911-3449	779	0.508560
352	FT911-3458	780	0.508560
352	FT911-3459	781	0.508560
352	FT911-3462	782	0.508560
352	FT911-3509	783	0.508560
352	FT911-3510	784	0.508560
352	FT911-3521	785	0.508560
352	FT911-3522	786	0.508560
352	FT911-3525	787	0.508560
352	FT911-3531	788	0.508560
352	FT911-3540	789	0.508560
352	FT911-3542	790	0.508560
352	FT911-3545	791	0.508560
352	FT911-3546	792	0.508560
352	FT911-3562	793	0.508560
352	FT911-3581	794	0.508560
352	FT911-3587	795	0.508560
352	FT911-3595	796	0.508560
352	FT911-3606	797	0.508560
352	FT911-3607	798	0.508560
352	FT911-3632	799	0.508560
352	FT911-3635	800	0.508560
352	FT911-3643	801	0.508560
352	FT911-3651	802	0.508560
352	FT911-3661	803	0.508560
352	FT911-3681	804	0.508560
352	FT911-3688	805	0.508560
352	FT911-3692	806	0.508560
352	FT911-3718	807	0.508560
352	FT911-3724	808	0.508560
352	FT911-3727	809	0.508560
352	FT911-3731	810	0.508560
352	FT911-3733	811	0.508560
352	FT911-3739	812	0.508560
352	FT911-3741	813	0.508560
352	FT911-3745	814	0.508560
352	FT911-3746	815	0.508560
352	FT911-3751	816	0.508560
352	FT911-3753	817	0.508560
352	FT911-3758	818	0.508560
352	FT911-3761	819	0.508560
352	FT911-3767	820	0.508560
352	FT911-3772	821	0.508560
352	FT911-3791	822	0.508560
352	FT911-3796	823	0.508560
352	FT911-3833	824	0.508560
352	FT911-3850	825	0.508560
352	FT911-3853	826	0.508560
352	FT911-3864	827	0.508560
352	FT911-3868	828	0.508560
352	FT911-3886	829	0.508560
352	FT911-3887	830	0.508560
352	FT911-3891	831	0.508560
352	FT911-3905	832	0.508560
352	FT911-3908	833	0.508560
352	FT911-3912	834	0.508560
352	FT911-3915	835	0.508560
352	FT911-3918	836	0.508560
352	FT911-3932	837	0.508560
352	FT911-3938	838	0.508560
352	FT911-3948	839	0.508560
352	FT911-3949	840	0.508560
352	FT911-3951	841	0.508560
352	FT911-3956	842	0.508560
352	FT911-3960	843	0.508560
352	FT911-3966	844	0.508560
352	FT911-3968	845	0.508560
352	FT911-3972	846	0.508560
352	FT911-3973	847	0.508560
352	FT911-3975	848	0.508560
352	FT911-3976	849	0.508560
352	FT911-3977	850	0.508560
352	FT911-3981	851	0.508560
352	FT911-3985	852	0.508560
352	FT911-3986	853	0.508560
352	FT911-4001	854	0.508560
352	FT911-4003	855	0.508560
352	FT911-4007	856	0.508560
352	FT911-4009	857	0.508560
352	FT911-4010	858	0.508560
352	FT911-4011	859	0.508560
352	FT911-4013	860	0.508560
352	FT911-4015	861	0.508560
352	FT911-4016	862	0.508560
352	FT911-4036	863	0.508560
352	FT911-4048	864	0.508560
352	FT911-4050	865	0.508560
352	FT911-4057	866	0.508560
352	FT911-4060	867	0.508560
352	FT911-4076	868	0.508560
352	FT911-4088	869	0.508560
352	FT911-4089	870	0.508560
352	FT911-4092	871	0.508560
352	FT911-4096	872	0.508560
352	FT911-4103	873	0.508560
352	FT911-4104	874	0.508560
352	FT911-4112	875	0.508560
352	FT911-4114	876	0.508560
352	FT911-4116	877	0.508560
352	FT911-4117	878	0.508560
352	FT911-4118	879	0.508560
352	FT911-4125	880	0.508560
352	FT911-4127	881	0.508560
352	FT911-4129	882	0.508560
352	FT911-4132	883	0.508560
352	FT911-4163	884	0.508560
352	FT911-4168	885	0.508560
352	FT911-4172	886	0.508560
352	FT911-4176	887	0.508560
352	FT911-4178	888	0.508560
352	FT911-4188	889	0.508560
352	FT911-4189	890	0.508560
352	FT911-4192	891	0.508560
352	FT911-4195	892	0.508560
352	FT911-4199	893	0.508560
352	FT911-4202	894	0.508560
352	FT911-4207	895	0.508560
352	FT911-4216	896	0.508560
352	FT911-4223	897	0.508560
352	FT911-4239	898	0.508560
352	FT911-4247	899	0.508560
352	FT911-4251	900	0.508560
352	FT911-4258	901	0.508560
352	FT911-4261	902	0.508560
352	FT911-4270	903	0.508560
352	FT911-4310	904	0.508560
352	FT911-4314	905	0.508560
352	FT911-4315	906	0.508560
352	FT911-4321	907	0.508560
352	FT911-4328	908	0.508560
352	FT911-4339	909	0.508560
352	FT911-4342	910	0.508560
352	FT911-4344	911	0.508560
352	FT911-4345	912	0.508560
352	FT911-4348	913	0.508560
352	FT911-4352	914	0.508560
352	FT911-4366	915	0.508560
352	FT911-4372	916	0.508560
352	FT911-4374	917	0.508560
352	FT911-4378	918	0.508560
352	FT911-4380	919	0.508560
352	FT911-4382	920	0.508560
352	FT911-4383	921	0.508560
352	FT911-4384	922	0.508560
352	FT911-4385	923	0.508560
352	FT911-4397	924	0.508560
352	FT911-4458	925	0.508560
352	FT911-4469	926	0.508560
352	FT911-4480	927	0.508560
352	FT911-4487	928	0.508560
352	FT911-4513	929	0.508560
352	FT911-4516	930	0.508560
352	FT911-4520	931	0.508560
352	FT911-4531	932	0.508560
352	FT911-4559	933	0.508560
352	FT911-4564	934	0.508560
352	FT911-4569	935	0.508560
352	FT911-4571	936	0.508560
352	FT911-4582	937	0.508560
352	FT911-4589	938	0.508560
352	FT911-4595	939	0.508560
352	FT911-4599	940	0.508560
352	FT911-4601	941	0.508560
352	FT911-4606	942	0.508560
352	FT911-4608	943	0.508560
352	FT911-4612	944	0.508560
352	FT911-4620	945	0.508560
352	FT911-4636	946	0.508560
352	FT911-4637	947	0.508560
352	FT911-4638	948	0.508560
352	FT911-4640	949	0.508560
352	FT911-4643	950	0.508560
352	FT911-4651	951	0.508560
352	FT911-4654	952	0.508560
352	FT911-4656	953	0.508560
352	FT911-4658	954	0.508560
352	FT911-4711	955	0.508560
352	FT911-4720	956	0.508560
352	FT911-4723	957	0.508560
352	FT911-4727	958	0.508560
352	FT911-4734	959	0.508560
352	FT911-4744	960	0.508560
352	FT911-4747	961	0.508560
352	FT911-4762	962	0.508560
352	FT911-4769	963	0.508560
352	FT911-4772	964	0.508560
352	FT911-4775	965	0.508560
352	FT911-4776	966	0.508560
352	FT911-4778	967	0.508560
352	FT911-4783	968	0.508560
352	FT911-4790	969	0.508560
352	FT911-4791	970	0.508560
352	FT911-4800	971	0.508560
352	FT911-4835	972	0.508560
352	FT911-4836	973	0.508560
352	FT911-4841	974	0.508560
352	FT911-4850	975	0.508560
352	FT911-4856	976	0.508560
352	FT911-4858	977	0.508560
352	FT911-4859	978	0.508560
352	FT911-4860	979	0.508560
352	FT911-4862	980	0.508560
352	FT911-4887	981	0.508560
352	FT911-4888	982	0.508560
352	FT911-4889	983	0.508560
352	FT911-4890	984	0.508560
352	FT911-4903	985	0.508560
352	FT911-4919	986	0.508560
352	FT911-4928	987	0.508560
352	FT911-4929	988	0.508560
352	FT911-4930	989	0.508560
352	FT911-4937	990	0.508560
352	FT911-4942	991	0.508560
352	FT911-4944	992	0.508560
352	FT911-4946	993	0.508560
352	FT911-4948	994	0.508560
352	FT911-4949	995	0.508560
352	FT911-4951	996	0.508560
352	FT911-4958	997	0.508560
352	FT911-4961	998	0.508560
352	FT911-4962	999	0.508560
352	FT911-4967	1000	0.508560
352	FT911-4980	1001	0.508560
352	FT911-5015	1002	0.508560
352	FT911-5024	1003	0.508560
352	FT911-5033	1004	0.508560
352	FT911-5036	1005	0.508560
352	FT911-5038	1006	0.508560
352	FT911-5040	1007	0.508560
352	FT911-5049	1008	0.508560
352	FT911-5053	1009	0.508560
352	FT911-5054	1010	0.508560
352	FT911-5069	1011	0.508560
352	FT911-5072	1012	0.508560
352	FT911-5074	1013	0.508560
352	FT911-5076	1014	0.508560
352	FT911-5077	1015	0.508560
352	FT911-5079	1016	0.508560
352	FT911-5080	1017	0.508560
352	FT911-5085	1018	0.508560
352	FT911-5091	1019	0.508560
352	FT911-5096	1020	0.508560
352	FT911-5101	1021	0.508560
352	FT911-5130	1022	0.508560
352	FT911-5143	1023	0.508560
352	FT911-5156	1024	0.508560
352	FT911-5160	1025	0.508560
352	FT911-5177	1026	0.508560
352	FT911-5178	1027	0.508560
352	FT911-5180	1028	0.508560
352	FT911-5182	1029	0.508560
352	FT911-5185	1030	0.508560
352	FT911-5188	1031	0.508560
352	FT911-5191	1032	0.508560
352	FT911-5192	1033	0.508560
352	FT911-5196	1034	0.508560
352	FT911-5221	1035	0.508560
352	FT911-5239	1036	0.508560
352	FT911-5245	1037	0.508560
352	FT911-5246	1038	0.508560
352	FT911-5248	1039	0.508560
352	FT911-5261	1040	0.508560
352	FT911-5264	1041	0.508560
352	FT911-5265	1042	0.508560
352	FT911-5269	1043	0.508560
352	FT911-5270	1044	0.508560
352	FT911-5273	1045	0.508560
352	FT911-5275	1046	0.508560
352	FT911-5278	1047	0.508560
352	FT911-5281	1048	0.508560
352	FT911-5294	1049	0.508560
352	FT911-5295	1050	0.508560
352	FT911-5323	1051	0.508560
352	FT911-5337	1052	0.508560
352	FT911-5340	1053	0.508560
352	FT911-5341	1054	0.508560
352	FT911-5342	1055	0.508560
352	FT911-5343	1056	0.508560
352	FT911-5345	1057	0.508560
352	FT911-5349	1058	0.508560
352	FT911-5352	1059	0.508560
352	FT911-5353	1060	0.508560
352	FT911-5357	1061	0.508560
352	FT911-134	1062	0.508560
352	FT911-255	1063	0.508560
352	FT911-265	1064	0.508560
352	FT911-440	1065	0.508560
352	FT911-499	1066	0.508560
352	FT911-682	1067	0.508560
352	FT911-791	1068	0.508560
352	FT911-801	1069	0.508560
352	FT911-802	1070	0.508560
352	FT911-821	1071	0.508560
352	FT911-851	1072	0.508560
352	FT911-854	1073	0.508560
352	FT911-1247	1074	0.508560
352	FT911-1318	1075	0.508560
352	FT911-1529	1076	0.508560
352	FT911-1892	1077	0.508560
352	FT911-2138	1078	0.508560
352	FT911-2222	1079	0.508560
352	FT911-2383	1080	0.508560
352	FT911-2387	1081	0.508560
352	FT911-2388	1082	0.508560
352	FT911-2510	1083	0.508560
352	FT911-2549	1084	0.508560
352	FT911-2551	1085	0.508560
352	FT911-2581	1086	0.508560
352	FT911-2723	1087	0.508560
352	FT911-2751	1088	0.508560
352	FT911-2798	1089	0.508560
352	FT911-2971	1090	0.508560
352	FT911-3135	1091	0.508560
352	FT911-3169	1092	0.508560
352	FT911-3265	1093	0.508560
352	FT911-3278	1094	0.508560
352	FT911-3630	1095	0.508560
352	FT911-3662	1096	0.508560
352	FT911-3858	1097	0.508560
352	FT911-3895	1098	0.508560
352	FT911-4017	1099	0.508560
352	FT911-4019	1100	0.508560
352	FT911-4044	1101	0.508560
352	FT911-4119	1102	0.508560
352	FT911-4120	1103	0.508560
352	FT911-4193	1104	0.508560
352	FT911-4225	1105	0.508560
352	FT911-4311	1106	0.508560
352	FT911-4579	1107	0.508560
352	FT911-4591	1108	0.508560
352	FT911-4735	1109	0.508560
352	FT911-4798	1110	0.508560
352	FT911-5063	1111	0.508560
352	FT911-5249	1112	0.508560
352	FT911-5356	1113	0.508560
353	FT911-122	1	1.000000
353	FT911-558	2	1.000000
353	FT911-1769	3	1.000000
353	FT911-4151	4	1.000000
353	FT911-4261	5	1.000000
353	FT911-4348	6	1.000000
353	FT911-4349	7	1.000000
353	FT911-5079	8	1.000000
354	FT911-471	1	1.000000
354	FT911-501	2	1.000000
354	FT911-1958	3	1.000000
354	FT911-2436	4	1.000000
354	FT911-2618	5	0.968210
354	FT911-115	6	0.857628
354	FT911-195	7	0.857628
354	FT911-354	8	0.857628
354	FT911-418	9	0.857628
354	FT911-460	10	0.857628
354	FT911-477	11	0.857628
354	FT911-503	12	0.857628
354	FT911-540	13	0.857628
354	FT911-611	14	0.857628
354	FT911-743	15	0.857628
354	FT911-885	16	0.857628
354	FT911-1085	17	0.857628
354	FT911-1199	18	0.857628
354	FT911-1288	19	0.857628
354	FT911-1296	20	0.857628
354	FT911-1303	21	0.857628
354	FT911-1308	22	0.857628
354	FT911-1374	23	0.857628
354	FT911-1474	24	0.857628
354	FT911-1475	25	0.857628
354	FT911-1528	26	0.857628
354	FT911-1568	27	0.857628
354	FT911-1575	28	0.857628
354	FT911-1585	29	0.857628
354	FT911-1587	30	0.857628
354	FT911-1588	31	0.857628
354	FT911-1668	32	0.857628
354	FT911-1702	33	0.857628
354	FT911-1792	34	0.857628
354	FT911-1793	35	0.857628
354	FT911-1884	36	0.857628
354	FT911-1900	37	0.857628
354	FT911-1949	38	0.857628
354	FT911-1956	39	0.857628
354	FT911-2163	40	0.857628
354	FT911-2216	41	0.857628
354	FT911-2299	42	0.857628
354	FT911-2370	43	0.857628
354	FT911-2620	44	0.857628
354	FT911-2716	45	0.857628
354	FT911-2812	46	0.857628
354	FT911-2971	47	0.857628
354	FT911-2977	48	0.857628
354	FT911-2980	49	0.857628
354	FT911-3364	50	0.857628
354	FT911-3514	51	0.857628
354	FT911-3661	52	0.857628
354	FT911-3894	53	0.857628
354	FT911-3896	54	0.857628
354	FT911-4065	55	0.857628
354	FT911-4087	56	0.857628
354	FT911-4277	57	0.857628
354	FT911-4561	58	0.857628
354	FT911-4783	59	0.857628
354	FT911-4804	60	0.857628
354	FT911-5046	61	0.857628
354	FT911-5190	62	0.857628
354	FT911-5207	63	0.857628
354	FT911-5214	64	0.857628
354	FT911-5245	65	0.857628
354	FT911-2786	66	0.857628
354	FT911-198	67	0.514271
354	FT911-251	68	0.514271
354	FT911-318	69	0.514271
354	FT911-336	70	0.514271
354	FT911-391	71	0.514271
354	FT911-433	72	0.514271
354	FT911-438	73	0.514271
354	FT911-594	74	0.514271
354	FT911-628	75	0.514271
354	FT911-1253	76	0.514271
354	FT911-1312	77	0.514271
354	FT911-1406	78	0.514271
354	FT911-1432	79	0.514271
354	FT911-1436	80	0.514271
354	FT911-1523	81	0.514271
354	FT911-1592	82	0.514271
354	FT911-1595	83	0.514271
354	FT911-1653	84	0.514271
354	FT911-1715	85	0.514271
354	FT911-1869	86	0.514271
354	FT911-1899	87	0.514271
354	FT911-1967	88	0.514271
354	FT911-1999	89	0.514271
354	FT911-2032	90	0.514271
354	FT911-2116	91	0.514271
354	FT911-2118	92	0.514271
354	FT911-2152	93	0.514271
354	FT911-2219	94	0.514271
354	FT911-2256	95	0.514271
354	FT911-2644	96	0.514271
354	FT911-2646	97	0.514271
354	FT911-2688	98	0.514271
354	FT911-2689	99	0.514271
354	FT911-2712	100	0.514271
354	FT911-2753	101	0.514271
354	FT911-2983	102	0.514271
354	FT911-2989	103	0.514271
354	FT911-2994	104	0.514271
354	FT911-2995	105	0.514271
354	FT911-2997	106	0.514271
354	FT911-3010	107	0.514271
354	FT911-3018	108	0.514271
354	FT911-3104	109	0.514271
354	FT911-3144	110	0.514271
354	FT911-3249	111	0.514271
354	FT911-3273	112	0.514271
354	FT911-3407	113	0.514271
354	FT911-3436	114	0.514271
354	FT911-3494	115	0.514271
354	FT911-3535	116	0.514271
354	FT911-3537	117	0.514271
354	FT911-3658	118	0.514271
354	FT911-3660	119	0.514271
354	FT911-3948	120	0.514271
354	FT911-4021	121	0.514271
354	FT911-4043	122	0.514271
354	FT911-4076	123	0.514271
354	FT911-4103	124	0.514271
354	FT911-4200	125	0.514271
354	FT911-4603	126	0.514271
354	FT911-4623	127	0.514271
354	FT911-4643	128	0.514271
354	FT911-4649	129	0.514271
354	FT911-4650	130	0.514271
354	FT911-4653	131	0.514271
354	FT911-4655	132	0.514271
354	FT911-4740	133	0.514271
354	FT911-4909	134	0.514271
354	FT911-4968	135	0.514271
354	FT911-4972	136	0.514271
354	FT911-5101	137	0.514271
354	FT911-5178	138	0.514271
354	FT911-5323	139	0.514271
354	FT911-5331	140	0.514271
354	FT911-35	141	0.514271
354	FT911-42	142	0.514271
354	FT911-47	143	0.514271
354	FT911-125	144	0.514271
354	FT911-131	145	0.514271
354	FT911-137	146	0.514271
354	FT911-138	147	0.514271
354	FT911-141	148	0.514271
354	FT911-154	149	0.514271
354	FT911-186	150	0.514271
354	FT911-188	151	0.514271
354	FT911-199	152	0.514271
354	FT911-213	153	0.514271
354	FT911-220	154	0.514271
354	FT911-221	155	0.514271
354	FT911-252	156	0.514271
354	FT911-255	157	0.514271
354	FT911-262	158	0.514271
354	FT911-272	159	0.514271
354	FT911-273	160	0.514271
354	FT911-310	161	0.514271
354	FT911-328	162	0.514271
354	FT911-357	163	0.514271
354	FT911-376	164	0.514271
354	FT911-380	165	0.514271
354	FT911-382	166	0.514271
354	FT911-392	167	0.514271
354	FT911-393	168	0.514271
354	FT911-465	169	0.514271
354	FT911-467	170	0.514271
354	FT911-487	171	0.514271
354	FT911-513	172	0.514271
354	FT911-520	173	0.514271
354	FT911-526	174	0.514271
354	FT911-591	175	0.514271
354	FT911-601	176	0.514271
354	FT911-608	177	0.514271
354	FT911-615	178	0.514271
354	FT911-626	179	0.514271
354	FT911-627	180	0.514271
354	FT911-660	181	0.514271
354	FT911-661	182	0.514271
354	FT911-678	183	0.514271
354	FT911-679	184	0.514271
354	FT911-690	185	0.514271
354	FT911-693	186	0.514271
354	FT911-697	187	0.514271
354	FT911-710	188	0.514271
354	FT911-753	189	0.514271
354	FT911-756	190	0.514271
354	FT911-764	191	0.514271
354	FT911-779	192	0.514271
354	FT911-802	193	0.514271
354	FT911-810	194	0.514271
354	FT911-821	195	0.514271
354	FT911-823	196	0.514271
354	FT911-855	197	0.514271
354	FT911-862	198	0.514271
354	FT911-863	199	0.514271
354	FT911-865	200	0.514271
354	FT911-872	201	0.514271
354	FT911-890	202	0.514271
354	FT911-892	203	0.514271
354	FT911-902	204	0.514271
354	FT911-936	205	0.514271
354	FT911-989	206	0.514271
354	FT911-1013	207	0.514271
354	FT911-1022	208	0.514271
354	FT911-1063	209	0.514271
354	FT911-1070	210	0.514271
354	FT911-1148	211	0.514271
354	FT911-1154	212	0.514271
354	FT911-1195	213	0.514271
354	FT911-1197	214	0.514271
354	FT911-1210	215	0.514271
354	FT911-1226	216	0.514271
354	FT911-1254	217	0.514271
354	FT911-1259	218	0.514271
354	FT911-1281	219	0.514271
354	FT911-1283	220	0.514271
354	FT911-1295	221	0.514271
354	FT911-1297	222	0.514271
354	FT911-1307	223	0.514271
354	FT911-1316	224	0.514271
354	FT911-1319	225	0.514271
354	FT911-1338	226	0.514271
354	FT911-1367	227	0.514271
354	FT911-1369	228	0.514271
354	FT911-1386	229	0.514271
354	FT911-1407	230	0.514271
354	FT911-1408	231	0.514271
354	FT911-1418	232	0.514271
354	FT911-1423	233	0.514271
354	FT911-1437	234	0.514271
354	FT911-1440	235	0.514271
354	FT911-1445	236	0.514271
354	FT911-1507	237	0.514271
354	FT911-1513	238	0.514271
354	FT911-1520	239	0.514271
354	FT911-1532	240	0.514271
354	FT911-1534	241	0.514271
354	FT911-1541	242	0.514271
354	FT911-1544	243	0.514271
354	FT911-1556	244	0.514271
354	FT911-1617	245	0.514271
354	FT911-1619	246	0.514271
354	FT911-1621	247	0.514271
354	FT911-1633	248	0.514271
354	FT911-1681	249	0.514271
354	FT911-1696	250	0.514271
354	FT911-1710	251	0.514271
354	FT911-1720	252	0.514271
354	FT911-1726	253	0.514271
354	FT911-1765	254	0.514271
354	FT911-1780	255	0.514271
354	FT911-1865	256	0.514271
354	FT911-1879	257	0.514271
354	FT911-1885	258	0.514271
354	FT911-1892	259	0.514271
354	FT911-1950	260	0.514271
354	FT911-1951	261	0.514271
354	FT911-1953	262	0.514271
354	FT911-1971	263	0.514271
354	FT911-1979	264	0.514271
354	FT911-1981	265	0.514271
354	FT911-1982	266	0.514271
354	FT911-1990	267	0.514271
354	FT911-1993	268	0.514271
354	FT911-2014	269	0.514271
354	FT911-2031	270	0.514271
354	FT911-2053	271	0.514271
354	FT911-2082	272	0.514271
354	FT911-2107	273	0.514271
354	FT911-2110	274	0.514271
354	FT911-2114	275	0.514271
354	FT911-2161	276	0.514271
354	FT911-2174	277	0.514271
354	FT911-2195	278	0.514271
354	FT911-2209	279	0.514271
354	FT911-2270	280	0.514271
354	FT911-2300	281	0.514271
354	FT911-2374	282	0.514271
354	FT911-2384	283	0.514271
354	FT911-2427	284	0.514271
354	FT911-2450	285	0.514271
354	FT911-2452	286	0.514271
354	FT911-2457	287	0.514271
354	FT911-2458	288	0.514271
354	FT911-2469	289	0.514271
354	FT911-2486	290	0.514271
354	FT911-2510	291	0.514271
354	FT911-2521	292	0.514271
354	FT911-2535	293	0.514271
354	FT911-2561	294	0.514271
354	FT911-2568	295	0.514271
354	FT911-2587	296	0.514271
354	FT911-2600	297	0.514271
354	FT911-2622	298	0.514271
354	FT911-2648	299	0.514271
354	FT911-2650	300	0.514271
354	FT911-2657	301	0.514271
354	FT911-2691	302	0.514271
354	FT911-2694	303	0.514271
354	FT911-2698	304	0.514271
354	FT911-2700	305	0.514271
354	FT911-2723	306	0.514271
354	FT911-2754	307	0.514271
354	FT911-2835	308	0.514271
354	FT911-2845	309	0.514271
354	FT911-2848	310	0.514271
354	FT911-2856	311	0.514271
354	FT911-2892	312	0.514271
354	FT911-2894	313	0.514271
354	FT911-2962	314	0.514271
354	FT911-2970	315	0.514271
354	FT911-2986	316	0.514271
354	FT911-2987	317	0.514271
354	FT911-2992	318	0.514271
354	FT911-2999	319	0.514271
354	FT911-3004	320	0.514271
354	FT911-3006	321	0.514271
354	FT911-3007	322	0.514271
354	FT911-3008	323	0.514271
354	FT911-3009	324	0.514271
354	FT911-3013	325	0.514271
354	FT911-3015	326	0.514271
354	FT911-3023	327	0.514271
354	FT911-3109	328	0.514271
354	FT911-3221	329	0.514271
354	FT911-3251	330	0.514271
354	FT911-3255	331	0.514271
354	FT911-3266	332	0.514271
354	FT911-3287	333	0.514271
354	FT911-3300	334	0.514271
354	FT911-3304	335	0.514271
354	FT911-3371	336	0.514271
354	FT911-3396	337	0.514271
354	FT911-3404	338	0.514271
354	FT911-3412	339	0.514271
354	FT911-3417	340	0.514271
354	FT911-3446	341	0.514271
354	FT911-3448	342	0.514271
354	FT911-3450	343	0.514271
354	FT911-3461	344	0.514271
354	FT911-3484	345	0.514271
354	FT911-3516	346	0.514271
354	FT911-3576	347	0.514271
354	FT911-3578	348	0.514271
354	FT911-3580	349	0.514271
354	FT911-3619	350	0.514271
354	FT911-3627	351	0.514271
354	FT911-3641	352	0.514271
354	FT911-3663	353	0.514271
354	FT911-3699	354	0.514271
354	FT911-3714	355	0.514271
354	FT911-3724	356	0.514271
354	FT911-3756	357	0.514271
354	FT911-3802	358	0.514271
354	FT911-3806	359	0.514271
354	FT911-3852	360	0.514271
354	FT911-3860	361	0.514271
354	FT911-3887	362	0.514271
354	FT911-3907	363	0.514271
354	FT911-3918	364	0.514271
354	FT911-3939	365	0.514271
354	FT911-3951	366	0.514271
354	FT911-3983	367	0.514271
354	FT911-4000	368	0.514271
354	FT911-4014	369	0.514271
354	FT911-4018	370	0.514271
354	FT911-4024	371	0.514271
354	FT911-4025	372	0.514271
354	FT911-4026	373	0.514271
354	FT911-4045	374	0.514271
354	FT911-4116	375	0.514271
354	FT911-4125	376	0.514271
354	FT911-4131	377	0.514271
354	FT911-4143	378	0.514271
354	FT911-4204	379	0.514271
354	FT911-4207	380	0.514271
354	FT911-4213	381	0.514271
354	FT911-4219	382	0.514271
354	FT911-4235	383	0.514271
354	FT911-4240	384	0.514271
354	FT911-4272	385	0.514271
354	FT911-4288	386	0.514271
354	FT911-4290	387	0.514271
354	FT911-4312	388	0.514271
354	FT911-4315	389	0.514271
354	FT911-4344	390	0.514271
354	FT911-4376	391	0.514271
354	FT911-4419	392	0.514271
354	FT911-4420	393	0.514271
354	FT911-4448	394	0.514271
354	FT911-4479	395	0.514271
354	FT911-4488	396	0.514271
354	FT911-4499	397	0.514271
354	FT911-4506	398	0.514271
354	FT911-4571	399	0.514271
354	FT911-4574	400	0.514271
354	FT911-4579	401	0.514271
354	FT911-4582	402	0.514271
354	FT911-4592	403	0.514271
354	FT911-4612	404	0.514271
354	FT911-4629	405	0.514271
354	FT911-4640	406	0.514271
354	FT911-4647	407	0.514271
354	FT911-4651	408	0.514271
354	FT911-4675	409	0.514271
354	FT911-4680	410	0.514271
354	FT911-4726	411	0.514271
354	FT911-4754	412	0.514271
354	FT911-4755	413	0.514271
354	FT911-4757	414	0.514271
354	FT911-4776	415	0.514271
354	FT911-4787	416	0.514271
354	FT911-4792	417	0.514271
354	FT911-4814	418	0.514271
354	FT911-4830	419	0.514271
354	FT911-4833	420	0.514271
354	FT911-4842	421	0.514271
354	FT911-4859	422	0.514271
354	FT911-4878	423	0.514271
354	FT911-4889	424	0.514271
354	FT911-4901	425	0.514271
354	FT911-4904	426	0.514271
354	FT911-4906	427	0.514271
354	FT911-4907	428	0.514271
354	FT911-4967	429	0.514271
354	FT911-4991	430	0.514271
354	FT911-5036	431	0.514271
354	FT911-5045	432	0.514271
354	FT911-5054	433	0.514271
354	FT911-5093	434	0.514271
354	FT911-5111	435	0.514271
354	FT911-5120	436	0.514271
354	FT911-5179	437	0.514271
354	FT911-5182	438	0.514271
354	FT911-5185	439	0.514271
354	FT911-5186	440	0.514271
354	FT911-5232	441	0.514271
354	FT911-5237	442	0.514271
354	FT911-5302	443	0.514271
354	FT911-5329	444	0.514271
354	FT911-5336	445	0.514271
359	FT911-165	1	1.000000
359	FT911-198	2	1.000000
359	FT911-601	3	1.000000
359	FT911-934	4	1.000000
359	FT911-1309	5	1.000000
359	FT911-1474	6	1.000000
359	FT911-2032	7	1.000000
359	FT911-2374	8	1.000000
359	FT911-2637	9	1.000000
359	FT911-3109	10	1.000000
359	FT911-3242	11	1.000000
359	FT911-3276	12	1.000000
359	FT911-4987	13	1.000000
359	FT911-5121	14	1.000000
359	FT911-2913	15	0.988100
359	FT911-4650	16	0.984537
359	FT911-3000	17	0.982684
359	FT911-3149	18	0.947724
359	FT911-3404	19	0.947724
359	FT911-3406	20	0.947724
359	FT911-5244	21	0.947724
359	FT911-2469	22	0.925352
359	FT911-138	23	0.922037
359	FT911-428	24	0.922037
359	FT911-511	25	0.922037
359	FT911-665	26	0.922037
359	FT911-680	27	0.922037
359	FT911-1230	28	0.922037
359	FT911-1279	29	0.922037
359	FT911-1282	30	0.922037
359	FT911-1628	31	0.922037
359	FT911-1719	32	0.922037
359	FT911-1963	33	0.922037
359	FT911-1972	34	0.922037
359	FT911-2009	35	0.922037
359	FT911-2063	36	0.922037
359	FT911-2100	37	0.922037
359	FT911-2119	38	0.922037
359	FT911-2459	39	0.922037
359	FT911-2480	40	0.922037
359	FT911-2829	41	0.922037
359	FT911-3019	42	0.922037
359	FT911-3496	43	0.922037
359	FT911-3546	44	0.922037
359	FT911-3914	45	0.922037
359	FT911-3986	46	0.922037
359	FT911-4176	47	0.922037
359	FT911-4271	48	0.922037
359	FT911-4355	49	0.922037
359	FT911-4368	50	0.922037
359	FT911-4467	51	0.922037
359	FT911-4474	52	0.922037
359	FT911-4679	53	0.922037
359	FT911-4840	54	0.922037
359	FT911-4865	55	0.922037
359	FT911-4972	56	0.922037
359	FT911-5086	57	0.922037
359	FT911-2452	58	0.922037
359	FT911-3645	59	0.922037
359	FT911-1897	60	0.892937
359	FT911-4264	61	0.892937
359	FT911-4652	62	0.824020
359	FT911-391	63	0.801452
359	FT911-4645	64	0.798459
359	FT911-2520	65	0.387102
359	FT911-2983	66	0.387102
359	FT911-4095	67	0.387102
359	FT911-4643	68	0.387102
359	FT911-4644	69	0.387102
359	FT911-4651	70	0.387102
359	FT911-4655	71	0.387102
359	FT911-12	72	0.387102
359	FT911-20	73	0.387102
359	FT911-21	74	0.387102
359	FT911-22	75	0.387102
359	FT911-27	76	0.387102
359	FT911-33	77	0.387102
359	FT911-34	78	0.387102
359	FT911-35	79	0.387102
359	FT911-36	80	0.387102
359	FT911-39	81	0.387102
359	FT911-61	82	0.387102
359	FT911-92	83	0.387102
359	FT911-99	84	0.387102
359	FT911-106	85	0.387102
359	FT911-128	86	0.387102
359	FT911-133	87	0.387102
359	FT911-141	88	0.387102
359	FT911-142	89	0.387102
359	FT911-143	90	0.387102
359	FT911-148	91	0.387102
359	FT911-151	92	0.387102
359	FT911-152	93	0.387102
359	FT911-157	94	0.387102
359	FT911-169	95	0.387102
359	FT911-186	96	0.387102
359	FT911-187	97	0.387102
359	FT911-188	98	0.387102
359	FT911-190	99	0.387102
359	FT911-197	100	0.387102
359	FT911-201	101	0.387102
359	FT911-204	102	0.387102
359	FT911-210	103	0.387102
359	FT911-216	104	0.387102
359	FT911-220	105	0.387102
359	FT911-226	106	0.387102
359	FT911-241	107	0.387102
359	FT911-248	108	0.387102
359	FT911-250	109	0.387102
359	FT911-252	110	0.387102
359	FT911-265	111	0.387102
359	FT911-270	112	0.387102
359	FT911-282	113	0.387102
359	FT911-298	114	0.387102
359	FT911-311	115	0.387102
359	FT911-312	116	0.387102
359	FT911-314	117	0.387102
359	FT911-315	118	0.387102
359	FT911-324	119	0.387102
359	FT911-326	120	0.387102
359	FT911-328	121	0.387102
359	FT911-331	122	0.387102
359	FT911-336	123	0.387102
359	FT911-351	124	0.387102
359	FT911-354	125	0.387102
359	FT911-370	126	0.387102
359	FT911-374	127	0.387102
359	FT911-376	128	0.387102
359	FT911-377	129	0.387102
359	FT911-380	130	0.387102
359	FT911-382	131	0.387102
359	FT911-383	132	0.387102
359	FT911-392	133	0.387102
359	FT911-396	134	0.387102
359	FT911-401	135	0.387102
359	FT911-407	136	0.387102
359	FT911-414	137	0.387102
359	FT911-435	138	0.387102
359	FT911-436	139	0.387102
359	FT911-439	140	0.387102
359	FT911-452	141	0.387102
359	FT911-461	142	0.387102
359	FT911-466	143	0.387102
359	FT911-478	144	0.387102
359	FT911-484	145	0.387102
359	FT911-498	146	0.387102
359	FT911-508	147	0.387102
359	FT911-512	148	0.387102
359	FT911-514	149	0.387102
359	FT911-515	150	0.387102
359	FT911-521	151	0.387102
359	FT911-530	152	0.387102
359	FT911-531	153	0.387102
359	FT911-533	154	0.387102
359	FT911-534	155	0.387102
359	FT911-540	156	0.387102
359	FT911-548	157	0.387102
359	FT911-550	158	0.387102
359	FT911-564	159	0.387102
359	FT911-576	160	0.387102
359	FT911-585	161	0.387102
359	FT911-594	162	0.387102
359	FT911-595	163	0.387102
359	FT911-603	164	0.387102
359	FT911-604	165	0.387102
359	FT911-630	166	0.387102
359	FT911-635	167	0.387102
359	FT911-640	168	0.387102
359	FT911-664	169	0.387102
359	FT911-674	170	0.387102
359	FT911-679	171	0.387102
359	FT911-685	172	0.387102
359	FT911-687	173	0.387102
359	FT911-693	174	0.387102
359	FT911-696	175	0.387102
359	FT911-697	176	0.387102
359	FT911-713	177	0.387102
359	FT911-719	178	0.387102
359	FT911-725	179	0.387102
359	FT911-727	180	0.387102
359	FT911-735	181	0.387102
359	FT911-755	182	0.387102
359	FT911-756	183	0.387102
359	FT911-760	184	0.387102
359	FT911-762	185	0.387102
359	FT911-765	186	0.387102
359	FT911-770	187	0.387102
359	FT911-790	188	0.387102
359	FT911-799	189	0.387102
359	FT911-810	190	0.387102
359	FT911-821	191	0.387102
359	FT911-829	192	0.387102
359	FT911-830	193	0.387102
359	FT911-842	194	0.387102
359	FT911-844	195	0.387102
359	FT911-845	196	0.387102
359	FT911-853	197	0.387102
359	FT911-855	198	0.387102
359	FT911-870	199	0.387102
359	FT911-899	200	0.387102
359	FT911-902	201	0.387102
359	FT911-903	202	0.387102
359	FT911-904	203	0.387102
359	FT911-912	204	0.387102
359	FT911-918	205	0.387102
359	FT911-930	206	0.387102
359	FT911-936	207	0.387102
359	FT911-938	208	0.387102
359	FT911-942	209	0.387102
359	FT911-949	210	0.387102
359	FT911-952	211	0.387102
359	FT911-957	212	0.387102
359	FT911-965	213	0.387102
359	FT911-976	214	0.387102
359	FT911-1006	215	0.387102
359	FT911-1019	216	0.387102
359	FT911-1026	217	0.387102
359	FT911-1027	218	0.387102
359	FT911-1029	219	0.387102
359	FT911-1042	220	0.387102
359	FT911-1048	221	0.387102
359	FT911-1055	222	0.387102
359	FT911-1056	223	0.387102
359	FT911-1059	224	0.387102
359	FT911-1063	225	0.387102
359	FT911-1070	226	0.387102
359	FT911-1078	227	0.387102
359	FT911-1092	228	0.387102
359	FT911-1096	229	0.387102
359	FT911-1105	230	0.387102
359	FT911-1107	231	0.387102
359	FT911-1109	232	0.387102
359	FT911-1122	233	0.387102
359	FT911-1123	234	0.387102
359	FT911-1124	235	0.387102
359	FT911-1125	236	0.387102
359	FT911-1147	237	0.387102
359	FT911-1150	238	0.387102
359	FT911-1154	239	0.387102
359	FT911-1179	240	0.387102
359	FT911-1180	241	0.387102
359	FT911-1191	242	0.387102
359	FT911-1194	243	0.387102
359	FT911-1195	244	0.387102
359	FT911-1222	245	0.387102
359	FT911-1223	246	0.387102
359	FT911-1226	247	0.387102
359	FT911-1241	248	0.387102
359	FT911-1242	249	0.387102
359	FT911-1245	250	0.387102
359	FT911-1247	251	0.387102
359	FT911-1248	252	0.387102
359	FT911-1265	253	0.387102
359	FT911-1288	254	0.387102
359	FT911-1294	255	0.387102
359	FT911-1302	256	0.387102
359	FT911-1304	257	0.387102
359	FT911-1312	258	0.387102
359	FT911-1314	259	0.387102
359	FT911-1316	260	0.387102
359	FT911-1317	261	0.387102
359	FT911-1318	262	0.387102
359	FT911-1343	263	0.387102
359	FT911-1370	264	0.387102
359	FT911-1371	265	0.387102
359	FT911-1384	266	0.387102
359	FT911-1389	267	0.387102
359	FT911-1405	268	0.387102
359	FT911-1408	269	0.387102
359	FT911-1411	270	0.387102
359	FT911-1412	271	0.387102
359	FT911-1414	272	0.387102
359	FT911-1445	273	0.387102
359	FT911-1446	274	0.387102
359	FT911-1455	275	0.387102
359	FT911-1459	276	0.387102
359	FT911-1461	277	0.387102
359	FT911-1462	278	0.387102
359	FT911-1463	279	0.387102
359	FT911-1495	280	0.387102
359	FT911-1499	281	0.387102
359	FT911-1501	282	0.387102
359	FT911-1508	283	0.387102
359	FT911-1511	284	0.387102
359	FT911-1517	285	0.387102
359	FT911-1521	286	0.387102
359	FT911-1522	287	0.387102
359	FT911-1526	288	0.387102
359	FT911-1529	289	0.387102
359	FT911-1531	290	0.387102
359	FT911-1534	291	0.387102
359	FT911-1535	292	0.387102
359	FT911-1539	293	0.387102
359	FT911-1541	294	0.387102
359	FT911-1546	295	0.387102
359	FT911-1556	296	0.387102
359	FT911-1564	297	0.387102
359	FT911-1572	298	0.387102
359	FT911-1581	299	0.387102
359	FT911-1584	300	0.387102
359	FT911-1587	301	0.387102
359	FT911-1592	302	0.387102
359	FT911-1595	303	0.387102
359	FT911-1600	304	0.387102
359	FT911-1601	305	0.387102
359	FT911-1614	306	0.387102
359	FT911-1616	307	0.387102
359	FT911-1617	308	0.387102
359	FT911-1623	309	0.387102
359	FT911-1629	310	0.387102
359	FT911-1635	311	0.387102
359	FT911-1639	312	0.387102
359	FT911-1642	313	0.387102
359	FT911-1645	314	0.387102
359	FT911-1647	315	0.387102
359	FT911-1664	316	0.387102
359	FT911-1673	317	0.387102
359	FT911-1681	318	0.387102
359	FT911-1682	319	0.387102
359	FT911-1688	320	0.387102
359	FT911-1689	321	0.387102
359	FT911-1691	322	0.387102
359	FT911-1693	323	0.387102
359	FT911-1696	324	0.387102
359	FT911-1699	325	0.387102
359	FT911-1700	326	0.387102
359	FT911-1701	327	0.387102
359	FT911-1702	328	0.387102
359	FT911-1712	329	0.387102
359	FT911-1715	330	0.387102
359	FT911-1729	331	0.387102
359	FT911-1731	332	0.387102
359	FT911-1741	333	0.387102
359	FT911-1763	334	0.387102
359	FT911-1773	335	0.387102
359	FT911-1780	336	0.387102
359	FT911-1792	337	0.387102
359	FT911-1803	338	0.387102
359	FT911-1815	339	0.387102
359	FT911-1827	340	0.387102
359	FT911-1830	341	0.387102
359	FT911-1831	342	0.387102
359	FT911-1836	343	0.387102
359	FT911-1839	344	0.387102
359	FT911-1842	345	0.387102
359	FT911-1848	346	0.387102
359	FT911-1861	347	0.387102
359	FT911-1866	348	0.387102
359	FT911-1868	349	0.387102
359	FT911-1881	350	0.387102
359	FT911-1899	351	0.387102
359	FT911-1909	352	0.387102
359	FT911-1910	353	0.387102
359	FT911-1924	354	0.387102
359	FT911-1942	355	0.387102
359	FT911-1945	356	0.387102
359	FT911-1946	357	0.387102
359	FT911-1950	358	0.387102
359	FT911-1953	359	0.387102
359	FT911-1954	360	0.387102
359	FT911-1962	361	0.387102
359	FT911-1965	362	0.387102
359	FT911-1966	363	0.387102
359	FT911-1971	364	0.387102
359	FT911-1978	365	0.387102
359	FT911-1979	366	0.387102
359	FT911-1985	367	0.387102
359	FT911-1994	368	0.387102
359	FT911-2017	369	0.387102
359	FT911-2025	370	0.387102
359	FT911-2026	371	0.387102
359	FT911-2027	372	0.387102
359	FT911-2046	373	0.387102
359	FT911-2053	374	0.387102
359	FT911-2054	375	0.387102
359	FT911-2055	376	0.387102
359	FT911-2064	377	0.387102
359	FT911-2067	378	0.387102
359	FT911-2069	379	0.387102
359	FT911-2082	380	0.387102
359	FT911-2087	381	0.387102
359	FT911-2102	382	0.387102
359	FT911-2115	383	0.387102
359	FT911-2118	384	0.387102
359	FT911-2165	385	0.387102
359	FT911-2174	386	0.387102
359	FT911-2175	387	0.387102
359	FT911-2181	388	0.387102
359	FT911-2185	389	0.387102
359	FT911-2194	390	0.387102
359	FT911-2196	391	0.387102
359	FT911-2197	392	0.387102
359	FT911-2205	393	0.387102
359	FT911-2211	394	0.387102
359	FT911-2222	395	0.387102
359	FT911-2223	396	0.387102
359	FT911-2230	397	0.387102
359	FT911-2248	398	0.387102
359	FT911-2287	399	0.387102
359	FT911-2288	400	0.387102
359	FT911-2297	401	0.387102
359	FT911-2298	402	0.387102
359	FT911-2299	403	0.387102
359	FT911-2320	404	0.387102
359	FT911-2334	405	0.387102
359	FT911-2336	406	0.387102
359	FT911-2341	407	0.387102
359	FT911-2343	408	0.387102
359	FT911-2368	409	0.387102
359	FT911-2396	410	0.387102
359	FT911-2406	411	0.387102
359	FT911-2414	412	0.387102
359	FT911-2419	413	0.387102
359	FT911-2420	414	0.387102
359	FT911-2421	415	0.387102
359	FT911-2424	416	0.387102
359	FT911-2436	417	0.387102
359	FT911-2437	418	0.387102
359	FT911-2438	419	0.387102
359	FT911-2451	420	0.387102
359	FT911-2454	421	0.387102
359	FT911-2465	422	0.387102
359	FT911-2466	423	0.387102
359	FT911-2486	424	0.387102
359	FT911-2488	425	0.387102
359	FT911-2503	426	0.387102
359	FT911-2514	427	0.387102
359	FT911-2521	428	0.387102
359	FT911-2533	429	0.387102
359	FT911-2535	430	0.387102
359	FT911-2539	431	0.387102
359	FT911-2543	432	0.387102
359	FT911-2545	433	0.387102
359	FT911-2548	434	0.387102
359	FT911-2551	435	0.387102
359	FT911-2555	436	0.387102
359	FT911-2556	437	0.387102
359	FT911-2561	438	0.387102
359	FT911-2569	439	0.387102
359	FT911-2584	440	0.387102
359	FT911-2589	441	0.387102
359	FT911-2595	442	0.387102
359	FT911-2596	443	0.387102
359	FT911-2602	444	0.387102
359	FT911-2615	445	0.387102
359	FT911-2620	446	0.387102
359	FT911-2624	447	0.387102
359	FT911-2625	448	0.387102
359	FT911-2627	449	0.387102
359	FT911-2636	450	0.387102
359	FT911-2644	451	0.387102
359	FT911-2650	452	0.387102
359	FT911-2661	453	0.387102
359	FT911-2671	454	0.387102
359	FT911-2674	455	0.387102
359	FT911-2677	456	0.387102
359	FT911-2683	457	0.387102
359	FT911-2684	458	0.387102
359	FT911-2689	459	0.387102
359	FT911-2692	460	0.387102
359	FT911-2693	461	0.387102
359	FT911-2696	462	0.387102
359	FT911-2698	463	0.387102
359	FT911-2700	464	0.387102
359	FT911-2711	465	0.387102
359	FT911-2712	466	0.387102
359	FT911-2717	467	0.387102
359	FT911-2723	468	0.387102
359	FT911-2736	469	0.387102
359	FT911-2754	470	0.387102
359	FT911-2762	471	0.387102
359	FT911-2772	472	0.387102
359	FT911-2773	473	0.387102
359	FT911-2774	474	0.387102
359	FT911-2776	475	0.387102
359	FT911-2809	476	0.387102
359	FT911-2816	477	0.387102
359	FT911-2823	478	0.387102
359	FT911-2826	479	0.387102
359	FT911-2833	480	0.387102
359	FT911-2841	481	0.387102
359	FT911-2842	482	0.387102
359	FT911-2844	483	0.387102
359	FT911-2848	484	0.387102
359	FT911-2850	485	0.387102
359	FT911-2851	486	0.387102
359	FT911-2853	487	0.387102
359	FT911-2854	488	0.387102
359	FT911-2864	489	0.387102
359	FT911-2871	490	0.387102
359	FT911-2892	491	0.387102
359	FT911-2893	492	0.387102
359	FT911-2911	493	0.387102
359	FT911-2915	494	0.387102
359	FT911-2916	495	0.387102
359	FT911-2922	496	0.387102
359	FT911-2923	497	0.387102
359	FT911-2940	498	0.387102
359	FT911-2951	499	0.387102
359	FT911-2962	500	0.387102
359	FT911-2978	501	0.387102
359	FT911-2980	502	0.387102
359	FT911-2982	503	0.387102
359	FT911-2984	504	0.387102
359	FT911-2985	505	0.387102
359	FT911-2987	506	0.387102
359	FT911-2988	507	0.387102
359	FT911-2989	508	0.387102
359	FT911-2990	509	0.387102
359	FT911-2991	510	0.387102
359	FT911-2992	511	0.387102
359	FT911-2995	512	0.387102
359	FT911-2996	513	0.387102
359	FT911-2997	514	0.387102
359	FT911-2998	515	0.387102
359	FT911-3001	516	0.387102
359	FT911-3003	517	0.387102
359	FT911-3004	518	0.387102
359	FT911-3005	519	0.387102
359	FT911-3006	520	0.387102
359	FT911-3008	521	0.387102
359	FT911-3012	522	0.387102
359	FT911-3014	523	0.387102
359	FT911-3018	524	0.387102
359	FT911-3023	525	0.387102
359	FT911-3024	526	0.387102
359	FT911-3026	527	0.387102
359	FT911-3027	528	0.387102
359	FT911-3038	529	0.387102
359	FT911-3043	530	0.387102
359	FT911-3044	531	0.387102
359	FT911-3046	532	0.387102
359	FT911-3071	533	0.387102
359	FT911-3077	534	0.387102
359	FT911-3084	535	0.387102
359	FT911-3092	536	0.387102
359	FT911-3094	537	0.387102
359	FT911-3102	538	0.387102
359	FT911-3137	539	0.387102
359	FT911-3141	540	0.387102
359	FT911-3154	541	0.387102
359	FT911-3156	542	0.387102
359	FT911-3181	543	0.387102
359	FT911-3183	544	0.387102
359	FT911-3184	545	0.387102
359	FT911-3187	546	0.387102
359	FT911-3209	547	0.387102
359	FT911-3229	548	0.387102
359	FT911-3230	549	0.387102
359	FT911-3248	550	0.387102
359	FT911-3256	551	0.387102
359	FT911-3257	552	0.387102
359	FT911-3258	553	0.387102
359	FT911-3259	554	0.387102
359	FT911-3260	555	0.387102
359	FT911-3275	556	0.387102
359	FT911-3281	557	0.387102
359	FT911-3283	558	0.387102
359	FT911-3289	559	0.387102
359	FT911-3293	560	0.387102
359	FT911-3304	561	0.387102
359	FT911-3307	562	0.387102
359	FT911-3311	563	0.387102
359	FT911-3312	564	0.387102
359	FT911-3323	565	0.387102
359	FT911-3327	566	0.387102
359	FT911-3330	567	0.387102
359	FT911-3336	568	0.387102
359	FT911-3342	569	0.387102
359	FT911-3345	570	0.387102
359	FT911-3347	571	0.387102
359	FT911-3362	572	0.387102
359	FT911-3378	573	0.387102
359	FT911-3380	574	0.387102
359	FT911-3395	575	0.387102
359	FT911-3398	576	0.387102
359	FT911-3402	577	0.387102
359	FT911-3407	578	0.387102
359	FT911-3408	579	0.387102
359	FT911-3417	580	0.387102
359	FT911-3418	581	0.387102
359	FT911-3420	582	0.387102
359	FT911-3432	583	0.387102
359	FT911-3435	584	0.387102
359	FT911-3437	585	0.387102
359	FT911-3438	586	0.387102
359	FT911-3440	587	0.387102
359	FT911-3443	588	0.387102
359	FT911-3446	589	0.387102
359	FT911-3450	590	0.387102
359	FT911-3459	591	0.387102
359	FT911-3462	592	0.387102
359	FT911-3468	593	0.387102
359	FT911-3484	594	0.387102
359	FT911-3491	595	0.387102
359	FT911-3494	596	0.387102
359	FT911-3498	597	0.387102
359	FT911-3499	598	0.387102
359	FT911-3523	599	0.387102
359	FT911-3534	600	0.387102
359	FT911-3535	601	0.387102
359	FT911-3543	602	0.387102
359	FT911-3551	603	0.387102
359	FT911-3559	604	0.387102
359	FT911-3563	605	0.387102
359	FT911-3567	606	0.387102
359	FT911-3570	607	0.387102
359	FT911-3571	608	0.387102
359	FT911-3576	609	0.387102
359	FT911-3578	610	0.387102
359	FT911-3585	611	0.387102
359	FT911-3591	612	0.387102
359	FT911-3618	613	0.387102
359	FT911-3623	614	0.387102
359	FT911-3629	615	0.387102
359	FT911-3630	616	0.387102
359	FT911-3633	617	0.387102
359	FT911-3654	618	0.387102
359	FT911-3655	619	0.387102
359	FT911-3663	620	0.387102
359	FT911-3670	621	0.387102
359	FT911-3672	622	0.387102
359	FT911-3693	623	0.387102
359	FT911-3701	624	0.387102
359	FT911-3709	625	0.387102
359	FT911-3711	626	0.387102
359	FT911-3726	627	0.387102
359	FT911-3742	628	0.387102
359	FT911-3743	629	0.387102
359	FT911-3768	630	0.387102
359	FT911-3774	631	0.387102
359	FT911-3781	632	0.387102
359	FT911-3782	633	0.387102
359	FT911-3783	634	0.387102
359	FT911-3786	635	0.387102
359	FT911-3787	636	0.387102
359	FT911-3791	637	0.387102
359	FT911-3792	638	0.387102
359	FT911-3793	639	0.387102
359	FT911-3795	640	0.387102
359	FT911-3804	641	0.387102
359	FT911-3805	642	0.387102
359	FT911-3830	643	0.387102
359	FT911-3833	644	0.387102
359	FT911-3868	645	0.387102
359	FT911-3876	646	0.387102
359	FT911-3890	647	0.387102
359	FT911-3895	648	0.387102
359	FT911-3897	649	0.387102
359	FT911-3900	650	0.387102
359	FT911-3907	651	0.387102
359	FT911-3918	652	0.387102
359	FT911-3927	653	0.387102
359	FT911-3939	654	0.387102
359	FT911-3947	655	0.387102
359	FT911-3979	656	0.387102
359	FT911-4005	657	0.387102
359	FT911-4009	658	0.387102
359	FT911-4013	659	0.387102
359	FT911-4015	660	0.387102
359	FT911-4017	661	0.387102
359	FT911-4024	662	0.387102
359	FT911-4025	663	0.387102
359	FT911-4027	664	0.387102
359	FT911-4040	665	0.387102
359	FT911-4051	666	0.387102
359	FT911-4057	667	0.387102
359	FT911-4058	668	0.387102
359	FT911-4059	669	0.387102
359	FT911-4060	670	0.387102
359	FT911-4067	671	0.387102
359	FT911-4076	672	0.387102
359	FT911-4092	673	0.387102
359	FT911-4098	674	0.387102
359	FT911-4102	675	0.387102
359	FT911-4103	676	0.387102
359	FT911-4108	677	0.387102
359	FT911-4117	678	0.387102
359	FT911-4119	679	0.387102
359	FT911-4121	680	0.387102
359	FT911-4134	681	0.387102
359	FT911-4137	682	0.387102
359	FT911-4140	683	0.387102
359	FT911-4162	684	0.387102
359	FT911-4177	685	0.387102
359	FT911-4186	686	0.387102
359	FT911-4190	687	0.387102
359	FT911-4193	688	0.387102
359	FT911-4200	689	0.387102
359	FT911-4202	690	0.387102
359	FT911-4207	691	0.387102
359	FT911-4213	692	0.387102
359	FT911-4216	693	0.387102
359	FT911-4224	694	0.387102
359	FT911-4225	695	0.387102
359	FT911-4226	696	0.387102
359	FT911-4240	697	0.387102
359	FT911-4251	698	0.387102
359	FT911-4253	699	0.387102
359	FT911-4263	700	0.387102
359	FT911-4270	701	0.387102
359	FT911-4278	702	0.387102
359	FT911-4318	703	0.387102
359	FT911-4322	704	0.387102
359	FT911-4334	705	0.387102
359	FT911-4339	706	0.387102
359	FT911-4353	707	0.387102
359	FT911-4373	708	0.387102
359	FT911-4384	709	0.387102
359	FT911-4391	710	0.387102
359	FT911-4396	711	0.387102
359	FT911-4419	712	0.387102
359	FT911-4432	713	0.387102
359	FT911-4433	714	0.387102
359	FT911-4437	715	0.387102
359	FT911-4442	716	0.387102
359	FT911-4450	717	0.387102
359	FT911-4458	718	0.387102
359	FT911-4459	719	0.387102
359	FT911-4463	720	0.387102
359	FT911-4486	721	0.387102
359	FT911-4487	722	0.387102
359	FT911-4504	723	0.387102
359	FT911-4508	724	0.387102
359	FT911-4531	725	0.387102
359	FT911-4538	726	0.387102
359	FT911-4551	727	0.387102
359	FT911-4552	728	0.387102
359	FT911-4553	729	0.387102
359	FT911-4583	730	0.387102
359	FT911-4588	731	0.387102
359	FT911-4589	732	0.387102
359	FT911-4595	733	0.387102
359	FT911-4596	734	0.387102
359	FT911-4608	735	0.387102
359	FT911-4614	736	0.387102
359	FT911-4625	737	0.387102
359	FT911-4627	738	0.387102
359	FT911-4639	739	0.387102
359	FT911-4640	740	0.387102
359	FT911-4641	741	0.387102
359	FT911-4642	742	0.387102
359	FT911-4646	743	0.387102
359	FT911-4647	744	0.387102
359	FT911-4648	745	0.387102
359	FT911-4649	746	0.387102
359	FT911-4653	747	0.387102
359	FT911-4654	748	0.387102
359	FT911-4656	749	0.387102
359	FT911-4657	750	0.387102
359	FT911-4663	751	0.387102
359	FT911-4664	752	0.387102
359	FT911-4665	753	0.387102
359	FT911-4680	754	0.387102
359	FT911-4685	755	0.387102
359	FT911-4699	756	0.387102
359	FT911-4702	757	0.387102
359	FT911-4720	758	0.387102
359	FT911-4727	759	0.387102
359	FT911-4753	760	0.387102
359	FT911-4774	761	0.387102
359	FT911-4785	762	0.387102
359	FT911-4786	763	0.387102
359	FT911-4789	764	0.387102
359	FT911-4790	765	0.387102
359	FT911-4791	766	0.387102
359	FT911-4792	767	0.387102
359	FT911-4794	768	0.387102
359	FT911-4797	769	0.387102
359	FT911-4798	770	0.387102
359	FT911-4801	771	0.387102
359	FT911-4825	772	0.387102
359	FT911-4836	773	0.387102
359	FT911-4839	774	0.387102
359	FT911-4848	775	0.387102
359	FT911-4849	776	0.387102
359	FT911-4860	777	0.387102
359	FT911-4862	778	0.387102
359	FT911-4863	779	0.387102
359	FT911-4869	780	0.387102
359	FT911-4870	781	0.387102
359	FT911-4875	782	0.387102
359	FT911-4883	783	0.387102
359	FT911-4889	784	0.387102
359	FT911-4890	785	0.387102
359	FT911-4894	786	0.387102
359	FT911-4895	787	0.387102
359	FT911-4896	788	0.387102
359	FT911-4901	789	0.387102
359	FT911-4902	790	0.387102
359	FT911-4904	791	0.387102
359	FT911-4907	792	0.387102
359	FT911-4921	793	0.387102
359	FT911-4928	794	0.387102
359	FT911-4929	795	0.387102
359	FT911-4935	796	0.387102
359	FT911-4938	797	0.387102
359	FT911-4970	798	0.387102
359	FT911-4973	799	0.387102
359	FT911-4980	800	0.387102
359	FT911-4981	801	0.387102
359	FT911-5015	802	0.387102
359	FT911-5018	803	0.387102
359	FT911-5020	804	0.387102
359	FT911-5030	805	0.387102
359	FT911-5035	806	0.387102
359	FT911-5036	807	0.387102
359	FT911-5038	808	0.387102
359	FT911-5039	809	0.387102
359	FT911-5041	810	0.387102
359	FT911-5042	811	0.387102
359	FT911-5052	812	0.387102
359	FT911-5061	813	0.387102
359	FT911-5064	814	0.387102
359	FT911-5068	815	0.387102
359	FT911-5098	816	0.387102
359	FT911-5099	817	0.387102
359	FT911-5102	818	0.387102
359	FT911-5103	819	0.387102
359	FT911-5110	820	0.387102
359	FT911-5111	821	0.387102
359	FT911-5116	822	0.387102
359	FT911-5118	823	0.387102
359	FT911-5119	824	0.387102
359	FT911-5120	825	0.387102
359	FT911-5122	826	0.387102
359	FT911-5129	827	0.387102
359	FT911-5137	828	0.387102
359	FT911-5150	829	0.387102
359	FT911-5157	830	0.387102
359	FT911-5158	831	0.387102
359	FT911-5161	832	0.387102
359	FT911-5162	833	0.387102
359	FT911-5168	834	0.387102
359	FT911-5172	835	0.387102
359	FT911-5176	836	0.387102
359	FT911-5177	837	0.387102
359	FT911-5185	838	0.387102
359	FT911-5186	839	0.387102
359	FT911-5190	840	0.387102
359	FT911-5196	841	0.387102
359	FT911-5200	842	0.387102
359	FT911-5201	843	0.387102
359	FT911-5206	844	0.387102
359	FT911-5214	845	0.387102
359	FT911-5231	846	0.387102
359	FT911-5232	847	0.387102
359	FT911-5240	848	0.387102
359	FT911-5253	849	0.387102
359	FT911-5269	850	0.387102
359	FT911-5274	851	0.387102
359	FT911-5284	852	0.387102
359	FT911-5294	853	0.387102
359	FT911-5295	854	0.387102
359	FT911-5296	855	0.387102
359	FT911-5299	856	0.387102
359	FT911-5300	857	0.387102
359	FT911-5309	858	0.387102
359	FT911-5317	859	0.387102
359	FT911-5323	860	0.387102
359	FT911-5324	861	0.387102
359	FT911-5338	862	0.387102
359	FT911-5339	863	0.387102
359	FT911-5350	864	0.387102
359	FT911-5359	865	0.387102
359	FT911-2209	866	0.387102
359	FT911-2342	867	0.387102
359	FT911-2672	868	0.387102
359	FT911-2994	869	0.387102
359	FT911-3013	870	0.387102
359	FT911-4206	871	0.387102
359	FT911-4784	872	0.387102
359	FT911-4787	873	0.387102
